0 1268.08 -80
1 1267.7 -80.1
2 1267.31 -80.2
3 1266.93 -80.3
4 1266.55 -80.4
5 1266.17 -80.5
6 1265.78 -80.6
7 1265.4 -80.7
8 1265.02 -80.8
9 1264.64 -80.9
10 1264.26 -81
11 1263.88 -81.1
12 1263.5 -81.2
13 1263.12 -81.3
14 1262.74 -81.4
15 1262.36 -81.5
16 1261.98 -81.6
17 1261.6 -81.7
18 1261.22 -81.8
19 1260.84 -81.9
20 1260.46 -82
21 1260.08 -82.1
22 1259.71 -82.2
23 1259.33 -82.3
24 1258.95 -82.4
25 1258.57 -82.5
26 1258.2 -82.6
27 1257.82 -82.7
28 1257.44 -82.8
29 1257.07 -82.9
30 1256.69 -83
31 1256.32 -83.1
32 1255.94 -83.2
33 1255.57 -83.3
34 1255.19 -83.4
35 1254.82 -83.5
36 1254.44 -83.6
37 1254.07 -83.7
38 1253.7 -83.8
39 1253.32 -83.9
40 1252.95 -84
41 1252.58 -84.1
42 1252.2 -84.2
43 1251.83 -84.3
44 1251.46 -84.4
45 1251.09 -84.5
46 1250.71 -84.6
47 1250.34 -84.7
48 1249.97 -84.8
49 1249.6 -84.9
50 1249.23 -85
51 1248.86 -85.1
52 1248.49 -85.2
53 1248.12 -85.3
54 1247.75 -85.4
55 1247.38 -85.5
56 1247.01 -85.6
57 1246.64 -85.7
58 1246.27 -85.8
59 1245.9 -85.9
60 1245.53 -86
61 1245.16 -86.1
62 1244.79 -86.2
63 1244.42 -86.3
64 1244.06 -86.4
65 1243.69 -86.5
66 1243.32 -86.6
67 1242.95 -86.7
68 1242.59 -86.8
69 1242.22 -86.9
70 1241.85 -87
71 1241.49 -87.1
72 1241.12 -87.2
73 1240.75 -87.3
74 1240.39 -87.4
75 1240.02 -87.5
76 1239.66 -87.6
77 1239.29 -87.7
78 1238.92 -87.8
79 1238.56 -87.9
80 1238.19 -88
81 1237.83 -88.1
82 1237.47 -88.2
83 1237.1 -88.3
84 1236.74 -88.4
85 1236.37 -88.5
86 1236.01 -88.6
87 1235.65 -88.7
88 1235.28 -88.8
89 1234.92 -88.9
90 1234.56 -89
91 1234.19 -89.1
92 1233.83 -89.2
93 1233.47 -89.3
94 1233.11 -89.4
95 1232.74 -89.5
96 1232.38 -89.6
97 1232.02 -89.7
98 1231.66 -89.8
99 1231.3 -89.9
100 1230.94 -90
101 1230.57 -90.1
102 1230.21 -90.2
103 1229.85 -90.3
104 1229.49 -90.4
105 1229.13 -90.5
106 1228.77 -90.6
107 1228.41 -90.7
108 1228.05 -90.8
109 1227.69 -90.9
110 1227.33 -91
111 1226.97 -91.1
112 1226.61 -91.2
113 1226.25 -91.3
114 1225.9 -91.4
115 1225.54 -91.5
116 1225.18 -91.6
117 1224.82 -91.7
118 1224.46 -91.8
119 1224.1 -91.9
120 1223.75 -92
121 1223.39 -92.1
122 1223.03 -92.2
123 1222.67 -92.3
124 1222.32 -92.4
125 1221.96 -92.5
126 1221.6 -92.6
127 1221.24 -92.7
128 1220.89 -92.8
129 1220.53 -92.9
130 1220.17 -93
131 1219.82 -93.1
132 1219.46 -93.2
133 1219.11 -93.3
134 1218.75 -93.4
135 1218.39 -93.5
136 1218.04 -93.6
137 1217.68 -93.7
138 1217.33 -93.8
139 1216.97 -93.9
140 1216.62 -94
141 1216.26 -94.1
142 1215.91 -94.2
143 1215.55 -94.3
144 1215.2 -94.4
145 1214.85 -94.5
146 1214.49 -94.6
147 1214.14 -94.7
148 1213.78 -94.8
149 1213.43 -94.9
150 1213.08 -95
151 1212.72 -95.1
152 1212.37 -95.2
153 1212.02 -95.3
154 1211.66 -95.4
155 1211.31 -95.5
156 1210.96 -95.6
157 1210.6 -95.7
158 1210.25 -95.8
159 1209.9 -95.9
160 1209.55 -96
161 1209.19 -96.1
162 1208.84 -96.2
163 1208.49 -96.3
164 1208.14 -96.4
165 1207.79 -96.5
166 1207.44 -96.6
167 1207.08 -96.7
168 1206.73 -96.8
169 1206.38 -96.9
170 1206.03 -97
171 1205.68 -97.1
172 1205.33 -97.2
173 1204.98 -97.3
174 1204.63 -97.4
175 1204.28 -97.5
176 1203.93 -97.6
177 1203.58 -97.7
178 1203.23 -97.8
179 1202.88 -97.9
180 1202.53 -98
181 1202.18 -98.1
182 1201.83 -98.2
183 1201.48 -98.3
184 1201.13 -98.4
185 1200.78 -98.5
186 1200.43 -98.6
187 1200.08 -98.7
188 1199.73 -98.8
189 1199.38 -98.9
190 1199.04 -99
191 1198.69 -99.1
192 1198.34 -99.2
193 1197.99 -99.3
194 1197.64 -99.4
195 1197.29 -99.5
196 1196.95 -99.6
197 1196.6 -99.7
198 1196.25 -99.8
199 1195.9 -99.9
200 1195.55 -100
201 1195.21 -100.1
202 1194.86 -100.2
203 1194.51 -100.3
204 1194.17 -100.4
205 1193.82 -100.5
206 1193.47 -100.6
207 1193.12 -100.7
208 1192.78 -100.8
209 1192.43 -100.9
210 1192.08 -101
211 1191.74 -101.1
212 1191.39 -101.2
213 1191.05 -101.3
214 1190.7 -101.4
215 1190.35 -101.5
216 1190.01 -101.6
217 1189.66 -101.7
218 1189.32 -101.8
219 1188.97 -101.9
220 1188.62 -102
221 1188.28 -102.1
222 1187.93 -102.2
223 1187.59 -102.3
224 1187.24 -102.4
225 1186.9 -102.5
226 1186.55 -102.6
227 1186.21 -102.7
228 1185.86 -102.8
229 1185.52 -102.9
230 1185.17 -103
231 1184.83 -103.1
232 1184.49 -103.2
233 1184.14 -103.3
234 1183.8 -103.4
235 1183.45 -103.5
236 1183.11 -103.6
237 1182.76 -103.7
238 1182.42 -103.8
239 1182.08 -103.9
240 1181.73 -104
241 1181.39 -104.1
242 1181.05 -104.2
243 1180.7 -104.3
244 1180.36 -104.4
245 1180.02 -104.5
246 1179.67 -104.6
247 1179.33 -104.7
248 1178.99 -104.8
249 1178.64 -104.9
250 1178.3 -105
251 1177.96 -105.1
252 1177.62 -105.2
253 1177.27 -105.3
254 1176.93 -105.4
255 1176.59 -105.5
256 1176.25 -105.6
257 1175.9 -105.7
258 1175.56 -105.8
259 1175.22 -105.9
260 1174.88 -106
261 1174.54 -106.1
262 1174.19 -106.2
263 1173.85 -106.3
264 1173.51 -106.4
265 1173.17 -106.5
266 1172.83 -106.6
267 1172.49 -106.7
268 1172.15 -106.8
269 1171.8 -106.9
270 1171.46 -107
271 1171.12 -107.1
272 1170.78 -107.2
273 1170.44 -107.3
274 1170.1 -107.4
275 1169.76 -107.5
276 1169.42 -107.6
277 1169.08 -107.7
278 1168.74 -107.8
279 1168.4 -107.9
280 1168.06 -108
281 1167.72 -108.1
282 1167.38 -108.2
283 1167.04 -108.3
284 1166.7 -108.4
285 1166.36 -108.5
286 1166.02 -108.6
287 1165.68 -108.7
288 1165.34 -108.8
289 1165 -108.9
290 1164.66 -109
291 1164.32 -109.1
292 1163.98 -109.2
293 1163.64 -109.3
294 1163.3 -109.4
295 1162.96 -109.5
296 1162.62 -109.6
297 1162.28 -109.7
298 1161.94 -109.8
299 1161.6 -109.9
300 1161.26 -110
301 1160.92 -110.1
302 1160.59 -110.2
303 1160.25 -110.3
304 1159.91 -110.4
305 1159.57 -110.5
306 1159.23 -110.6
307 1158.89 -110.7
308 1158.55 -110.8
309 1158.22 -110.9
310 1157.88 -111
311 1157.54 -111.1
312 1157.2 -111.2
313 1156.86 -111.3
314 1156.53 -111.4
315 1156.19 -111.5
316 1155.85 -111.6
317 1155.51 -111.7
318 1155.17 -111.8
319 1154.84 -111.9
320 1154.5 -112
321 1154.16 -112.1
322 1153.82 -112.2
323 1153.49 -112.3
324 1153.15 -112.4
325 1152.81 -112.5
326 1152.47 -112.6
327 1152.14 -112.7
328 1151.8 -112.8
329 1151.46 -112.9
330 1151.13 -113
331 1150.79 -113.1
332 1150.45 -113.2
333 1150.12 -113.3
334 1149.78 -113.4
335 1149.44 -113.5
336 1149.11 -113.6
337 1148.77 -113.7
338 1148.43 -113.8
339 1148.1 -113.9
340 1147.76 -114
341 1147.42 -114.1
342 1147.09 -114.2
343 1146.75 -114.3
344 1146.41 -114.4
345 1146.08 -114.5
346 1145.74 -114.6
347 1145.41 -114.7
348 1145.07 -114.8
349 1144.73 -114.9
350 1144.4 -115
351 1144.06 -115.1
352 1143.73 -115.2
353 1143.39 -115.3
354 1143.06 -115.4
355 1142.72 -115.5
356 1142.39 -115.6
357 1142.05 -115.7
358 1141.71 -115.8
359 1141.38 -115.9
360 1141.04 -116
361 1140.71 -116.1
362 1140.37 -116.2
363 1140.04 -116.3
364 1139.7 -116.4
365 1139.37 -116.5
366 1139.03 -116.6
367 1138.7 -116.7
368 1138.36 -116.8
369 1138.03 -116.9
370 1137.69 -117
371 1137.36 -117.1
372 1137.02 -117.2
373 1136.69 -117.3
374 1136.36 -117.4
375 1136.02 -117.5
376 1135.69 -117.6
377 1135.35 -117.7
378 1135.02 -117.8
379 1134.68 -117.9
380 1134.35 -118
381 1134.02 -118.1
382 1133.68 -118.2
383 1133.35 -118.3
384 1133.01 -118.4
385 1132.68 -118.5
386 1132.35 -118.6
387 1132.01 -118.7
388 1131.68 -118.8
389 1131.34 -118.9
390 1131.01 -119
391 1130.68 -119.1
392 1130.34 -119.2
393 1130.01 -119.3
394 1129.68 -119.4
395 1129.34 -119.5
396 1129.01 -119.6
397 1128.68 -119.7
398 1128.34 -119.8
399 1128.01 -119.9
400 1127.68 -120
401 1127.34 -120.1
402 1127.01 -120.2
403 1126.68 -120.3
404 1126.34 -120.4
405 1126.01 -120.5
406 1125.68 -120.6
407 1125.34 -120.7
408 1125.01 -120.8
409 1124.68 -120.9
410 1124.35 -121
411 1124.01 -121.1
412 1123.68 -121.2
413 1123.35 -121.3
414 1123.01 -121.4
415 1122.68 -121.5
416 1122.35 -121.6
417 1122.02 -121.7
418 1121.68 -121.8
419 1121.35 -121.9
420 1121.02 -122
421 1120.69 -122.1
422 1120.35 -122.2
423 1120.02 -122.3
424 1119.69 -122.4
425 1119.36 -122.5
426 1119.03 -122.6
427 1118.69 -122.7
428 1118.36 -122.8
429 1118.03 -122.9
430 1117.7 -123
431 1117.37 -123.1
432 1117.03 -123.2
433 1116.7 -123.3
434 1116.37 -123.4
435 1116.04 -123.5
436 1115.71 -123.6
437 1115.37 -123.7
438 1115.04 -123.8
439 1114.71 -123.9
440 1114.38 -124
441 1114.05 -124.1
442 1113.72 -124.2
443 1113.39 -124.3
444 1113.05 -124.4
445 1112.72 -124.5
446 1112.39 -124.6
447 1112.06 -124.7
448 1111.73 -124.8
449 1111.4 -124.9
450 1111.07 -125
451 1110.74 -125.1
452 1110.4 -125.2
453 1110.07 -125.3
454 1109.74 -125.4
455 1109.41 -125.5
456 1109.08 -125.6
457 1108.75 -125.7
458 1108.42 -125.8
459 1108.09 -125.9
460 1107.76 -126
461 1107.43 -126.1
462 1107.1 -126.2
463 1106.76 -126.3
464 1106.43 -126.4
465 1106.1 -126.5
466 1105.77 -126.6
467 1105.44 -126.7
468 1105.11 -126.8
469 1104.78 -126.9
470 1104.45 -127
471 1104.12 -127.1
472 1103.79 -127.2
473 1103.46 -127.3
474 1103.13 -127.4
475 1102.8 -127.5
476 1102.47 -127.6
477 1102.14 -127.7
478 1101.81 -127.8
479 1101.48 -127.9
480 1101.15 -128
481 1100.82 -128.1
482 1100.49 -128.2
483 1100.16 -128.3
484 1099.83 -128.4
485 1099.5 -128.5
486 1099.17 -128.6
487 1098.84 -128.7
488 1098.51 -128.8
489 1098.18 -128.9
490 1097.85 -129
491 1097.52 -129.1
492 1097.19 -129.2
493 1096.86 -129.3
494 1096.53 -129.4
495 1096.2 -129.5
496 1095.87 -129.6
497 1095.54 -129.7
498 1095.21 -129.8
499 1094.88 -129.9
500 1094.55 -130
501 1094.22 -130.1
502 1093.89 -130.2
503 1093.56 -130.3
504 1093.23 -130.4
505 1092.9 -130.5
506 1092.58 -130.6
507 1092.25 -130.7
508 1091.92 -130.8
509 1091.59 -130.9
510 1091.26 -131
511 1090.93 -131.1
512 1090.6 -131.2
513 1090.27 -131.3
514 1089.94 -131.4
515 1089.61 -131.5
516 1089.28 -131.6
517 1088.96 -131.7
518 1088.63 -131.8
519 1088.3 -131.9
520 1087.97 -132
521 1087.64 -132.1
522 1087.31 -132.2
523 1086.98 -132.3
524 1086.65 -132.4
525 1086.32 -132.5
526 1086 -132.6
527 1085.67 -132.7
528 1085.34 -132.8
529 1085.01 -132.9
530 1084.68 -133
531 1084.35 -133.1
532 1084.02 -133.2
533 1083.7 -133.3
534 1083.37 -133.4
535 1083.04 -133.5
536 1082.71 -133.6
537 1082.38 -133.7
538 1082.05 -133.8
539 1081.72 -133.9
540 1081.4 -134
541 1081.07 -134.1
542 1080.74 -134.2
543 1080.41 -134.3
544 1080.08 -134.4
545 1079.75 -134.5
546 1079.43 -134.6
547 1079.1 -134.7
548 1078.77 -134.8
549 1078.44 -134.9
550 1078.11 -135
551 1077.79 -135.1
552 1077.46 -135.2
553 1077.13 -135.3
554 1076.8 -135.4
555 1076.47 -135.5
556 1076.15 -135.6
557 1075.82 -135.7
558 1075.49 -135.8
559 1075.16 -135.9
560 1074.83 -136
561 1074.51 -136.1
562 1074.18 -136.2
563 1073.85 -136.3
564 1073.52 -136.4
565 1073.2 -136.5
566 1072.87 -136.6
567 1072.54 -136.7
568 1072.21 -136.8
569 1071.89 -136.9
570 1071.56 -137
571 1071.23 -137.1
572 1070.9 -137.2
573 1070.58 -137.3
574 1070.25 -137.4
575 1069.92 -137.5
576 1069.59 -137.6
577 1069.27 -137.7
578 1068.94 -137.8
579 1068.61 -137.9
580 1068.28 -138
581 1067.96 -138.1
582 1067.63 -138.2
583 1067.3 -138.3
584 1066.97 -138.4
585 1066.65 -138.5
586 1066.32 -138.6
587 1065.99 -138.7
588 1065.67 -138.8
589 1065.34 -138.9
590 1065.01 -139
591 1064.68 -139.1
592 1064.36 -139.2
593 1064.03 -139.3
594 1063.7 -139.4
595 1063.38 -139.5
596 1063.05 -139.6
597 1062.72 -139.7
598 1062.39 -139.8
599 1062.07 -139.9
600 1061.74 -140
601 1061.41 -140.1
602 1061.09 -140.2
603 1060.76 -140.3
604 1060.43 -140.4
605 1060.11 -140.5
606 1059.78 -140.6
607 1059.45 -140.7
608 1059.13 -140.8
609 1058.8 -140.9
610 1058.47 -141
611 1058.15 -141.1
612 1057.82 -141.2
613 1057.49 -141.3
614 1057.17 -141.4
615 1056.84 -141.5
616 1056.51 -141.6
617 1056.19 -141.7
618 1055.86 -141.8
619 1055.53 -141.9
620 1055.21 -142
621 1054.88 -142.1
622 1054.55 -142.2
623 1054.23 -142.3
624 1053.9 -142.4
625 1053.57 -142.5
626 1053.25 -142.6
627 1052.92 -142.7
628 1052.59 -142.8
629 1052.27 -142.9
630 1051.94 -143
631 1051.62 -143.1
632 1051.29 -143.2
633 1050.96 -143.3
634 1050.64 -143.4
635 1050.31 -143.5
636 1049.98 -143.6
637 1049.66 -143.7
638 1049.33 -143.8
639 1049.01 -143.9
640 1048.68 -144
641 1048.35 -144.1
642 1048.03 -144.2
643 1047.7 -144.3
644 1047.38 -144.4
645 1047.05 -144.5
646 1046.72 -144.6
647 1046.4 -144.7
648 1046.07 -144.8
649 1045.75 -144.9
650 1045.42 -145
651 1045.09 -145.1
652 1044.77 -145.2
653 1044.44 -145.3
654 1044.12 -145.4
655 1043.79 -145.5
656 1043.46 -145.6
657 1043.14 -145.7
658 1042.81 -145.8
659 1042.49 -145.9
660 1042.16 -146
661 1041.83 -146.1
662 1041.51 -146.2
663 1041.18 -146.3
664 1040.86 -146.4
665 1040.53 -146.5
666 1040.21 -146.6
667 1039.88 -146.7
668 1039.55 -146.8
669 1039.23 -146.9
670 1038.9 -147
671 1038.58 -147.1
672 1038.25 -147.2
673 1037.93 -147.3
674 1037.6 -147.4
675 1037.28 -147.5
676 1036.95 -147.6
677 1036.62 -147.7
678 1036.3 -147.8
679 1035.97 -147.9
680 1035.65 -148
681 1035.32 -148.1
682 1035 -148.2
683 1034.67 -148.3
684 1034.35 -148.4
685 1034.02 -148.5
686 1033.7 -148.6
687 1033.37 -148.7
688 1033.04 -148.8
689 1032.72 -148.9
690 1032.39 -149
691 1032.07 -149.1
692 1031.74 -149.2
693 1031.42 -149.3
694 1031.09 -149.4
695 1030.77 -149.5
696 1030.44 -149.6
697 1030.12 -149.7
698 1029.79 -149.8
699 1029.47 -149.9
700 1029.14 -150
701 1028.82 -150.1
702 1028.49 -150.2
703 1028.17 -150.3
704 1027.84 -150.4
705 1027.52 -150.5
706 1027.19 -150.6
707 1026.87 -150.7
708 1026.54 -150.8
709 1026.22 -150.9
710 1025.89 -151
711 1025.57 -151.1
712 1025.24 -151.2
713 1024.92 -151.3
714 1024.59 -151.4
715 1024.27 -151.5
716 1023.94 -151.6
717 1023.62 -151.7
718 1023.29 -151.8
719 1022.97 -151.9
720 1022.64 -152
721 1022.32 -152.1
722 1021.99 -152.2
723 1021.67 -152.3
724 1021.34 -152.4
725 1021.02 -152.5
726 1020.69 -152.6
727 1020.37 -152.7
728 1020.04 -152.8
729 1019.72 -152.9
730 1019.39 -153
731 1019.07 -153.1
732 1018.74 -153.2
733 1018.42 -153.3
734 1018.09 -153.4
735 1017.77 -153.5
736 1017.44 -153.6
737 1017.12 -153.7
738 1016.8 -153.8
739 1016.47 -153.9
740 1016.15 -154
741 1015.82 -154.1
742 1015.5 -154.2
743 1015.17 -154.3
744 1014.85 -154.4
745 1014.52 -154.5
746 1014.2 -154.6
747 1013.87 -154.7
748 1013.55 -154.8
749 1013.22 -154.9
750 1012.9 -155
751 1012.58 -155.1
752 1012.25 -155.2
753 1011.93 -155.3
754 1011.6 -155.4
755 1011.28 -155.5
756 1010.95 -155.6
757 1010.63 -155.7
758 1010.3 -155.8
759 1009.98 -155.9
760 1009.66 -156
761 1009.33 -156.1
762 1009.01 -156.2
763 1008.68 -156.3
764 1008.36 -156.4
765 1008.03 -156.5
766 1007.71 -156.6
767 1007.39 -156.7
768 1007.06 -156.8
769 1006.74 -156.9
770 1006.41 -157
771 1006.09 -157.1
772 1005.76 -157.2
773 1005.44 -157.3
774 1005.12 -157.4
775 1004.79 -157.5
776 1004.47 -157.6
777 1004.14 -157.7
778 1003.82 -157.8
779 1003.49 -157.9
780 1003.17 -158
781 1002.85 -158.1
782 1002.52 -158.2
783 1002.2 -158.3
784 1001.87 -158.4
785 1001.55 -158.5
786 1001.23 -158.6
787 1000.9 -158.7
788 1000.58 -158.8
789 1000.25 -158.9
790 999.929 -159
791 999.605 -159.1
792 999.281 -159.2
793 998.957 -159.3
794 998.633 -159.4
795 998.308 -159.5
796 997.984 -159.6
797 997.66 -159.7
798 997.336 -159.8
799 997.012 -159.9
800 996.689 -160
801 996.365 -160.1
802 996.041 -160.2
803 995.717 -160.3
804 995.393 -160.4
805 995.069 -160.5
806 994.745 -160.6
807 994.421 -160.7
808 994.097 -160.8
809 993.773 -160.9
810 993.449 -161
811 993.125 -161.1
812 992.802 -161.2
813 992.478 -161.3
814 992.154 -161.4
815 991.83 -161.5
816 991.506 -161.6
817 991.182 -161.7
818 990.859 -161.8
819 990.535 -161.9
820 990.211 -162
821 989.887 -162.1
822 989.563 -162.2
823 989.24 -162.3
824 988.916 -162.4
825 988.592 -162.5
826 988.268 -162.6
827 987.945 -162.7
828 987.621 -162.8
829 987.297 -162.9
830 986.974 -163
831 986.65 -163.1
832 986.326 -163.2
833 986.003 -163.3
834 985.679 -163.4
835 985.355 -163.5
836 985.032 -163.6
837 984.708 -163.7
838 984.384 -163.8
839 984.061 -163.9
840 983.737 -164
841 983.414 -164.1
842 983.09 -164.2
843 982.766 -164.3
844 982.443 -164.4
845 982.119 -164.5
846 981.796 -164.6
847 981.472 -164.7
848 981.149 -164.8
849 980.825 -164.9
850 980.502 -165
851 980.178 -165.1
852 979.855 -165.2
853 979.531 -165.3
854 979.208 -165.4
855 978.884 -165.5
856 978.561 -165.6
857 978.237 -165.7
858 977.914 -165.8
859 977.59 -165.9
860 977.267 -166
861 976.943 -166.1
862 976.62 -166.2
863 976.297 -166.3
864 975.973 -166.4
865 975.65 -166.5
866 975.326 -166.6
867 975.003 -166.7
868 974.68 -166.8
869 974.356 -166.9
870 974.033 -167
871 973.709 -167.1
872 973.386 -167.2
873 973.063 -167.3
874 972.739 -167.4
875 972.416 -167.5
876 972.093 -167.6
877 971.769 -167.7
878 971.446 -167.8
879 971.123 -167.9
880 970.8 -168
881 970.476 -168.1
882 970.153 -168.2
883 969.83 -168.3
884 969.506 -168.4
885 969.183 -168.5
886 968.86 -168.6
887 968.537 -168.7
888 968.214 -168.8
889 967.89 -168.9
890 967.567 -169
891 967.244 -169.1
892 966.921 -169.2
893 966.597 -169.3
894 966.274 -169.4
895 965.951 -169.5
896 965.628 -169.6
897 965.305 -169.7
898 964.982 -169.8
899 964.658 -169.9
900 964.335 -170
901 964.012 -170.1
902 963.689 -170.2
903 963.366 -170.3
904 963.043 -170.4
905 962.72 -170.5
906 962.397 -170.6
907 962.073 -170.7
908 961.75 -170.8
909 961.427 -170.9
910 961.104 -171
911 960.781 -171.1
912 960.458 -171.2
913 960.135 -171.3
914 959.812 -171.4
915 959.489 -171.5
916 959.166 -171.6
917 958.843 -171.7
918 958.52 -171.8
919 958.197 -171.9
920 957.874 -172
921 957.551 -172.1
922 957.228 -172.2
923 956.905 -172.3
924 956.582 -172.4
925 956.259 -172.5
926 955.936 -172.6
927 955.613 -172.7
928 955.29 -172.8
929 954.967 -172.9
930 954.644 -173
931 954.321 -173.1
932 953.998 -173.2
933 953.675 -173.3
934 953.352 -173.4
935 953.029 -173.5
936 952.706 -173.6
937 952.383 -173.7
938 952.061 -173.8
939 951.738 -173.9
940 951.415 -174
941 951.092 -174.1
942 950.769 -174.2
943 950.446 -174.3
944 950.123 -174.4
945 949.8 -174.5
946 949.478 -174.6
947 949.155 -174.7
948 948.832 -174.8
949 948.509 -174.9
950 948.186 -175
951 947.863 -175.1
952 947.54 -175.2
953 947.218 -175.3
954 946.895 -175.4
955 946.572 -175.5
956 946.249 -175.6
957 945.926 -175.7
958 945.604 -175.8
959 945.281 -175.9
960 944.958 -176
961 944.635 -176.1
962 944.313 -176.2
963 943.99 -176.3
964 943.667 -176.4
965 943.344 -176.5
966 943.022 -176.6
967 942.699 -176.7
968 942.376 -176.8
969 942.053 -176.9
970 941.731 -177
971 941.408 -177.1
972 941.085 -177.2
973 940.762 -177.3
974 940.44 -177.4
975 940.117 -177.5
976 939.794 -177.6
977 939.472 -177.7
978 939.149 -177.8
979 938.826 -177.9
980 938.504 -178
981 938.181 -178.1
982 937.858 -178.2
983 937.536 -178.3
984 937.213 -178.4
985 936.89 -178.5
986 936.568 -178.6
987 936.245 -178.7
988 935.922 -178.8
989 935.6 -178.9
990 935.277 -179
991 934.955 -179.1
992 934.632 -179.2
993 934.309 -179.3
994 933.987 -179.4
995 933.664 -179.5
996 933.342 -179.6
997 933.019 -179.7
998 932.696 -179.8
999 932.374 -179.9
1000 932.051 -180
1001 931.729 -180.1
1002 931.406 -180.2
1003 931.084 -180.3
1004 930.761 -180.4
1005 930.438 -180.5
1006 930.116 -180.6
1007 929.793 -180.7
1008 929.471 -180.8
1009 929.148 -180.9
1010 928.826 -181
1011 928.503 -181.1
1012 928.181 -181.2
1013 927.858 -181.3
1014 927.536 -181.4
1015 927.213 -181.5
1016 926.891 -181.6
1017 926.568 -181.7
1018 926.246 -181.8
1019 925.923 -181.9
1020 925.601 -182
1021 925.278 -182.1
1022 924.956 -182.2
1023 924.633 -182.3
1024 924.311 -182.4
1025 923.988 -182.5
1026 923.666 -182.6
1027 923.343 -182.7
1028 923.021 -182.8
1029 922.699 -182.9
1030 922.376 -183
1031 922.054 -183.1
1032 921.731 -183.2
1033 921.409 -183.3
1034 921.086 -183.4
1035 920.764 -183.5
1036 920.442 -183.6
1037 920.119 -183.7
1038 919.797 -183.8
1039 919.474 -183.9
1040 919.152 -184
1041 918.83 -184.1
1042 918.507 -184.2
1043 918.185 -184.3
1044 917.862 -184.4
1045 917.54 -184.5
1046 917.218 -184.6
1047 916.895 -184.7
1048 916.573 -184.8
1049 916.251 -184.9
1050 915.928 -185
1051 915.606 -185.1
1052 915.283 -185.2
1053 914.961 -185.3
1054 914.639 -185.4
1055 914.316 -185.5
1056 913.994 -185.6
1057 913.672 -185.7
1058 913.349 -185.8
1059 913.027 -185.9
1060 912.705 -186
1061 912.383 -186.1
1062 912.06 -186.2
1063 911.738 -186.3
1064 911.416 -186.4
1065 911.093 -186.5
1066 910.771 -186.6
1067 910.449 -186.7
1068 910.126 -186.8
1069 909.804 -186.9
1070 909.482 -187
1071 909.16 -187.1
1072 908.837 -187.2
1073 908.515 -187.3
1074 908.193 -187.4
1075 907.87 -187.5
1076 907.548 -187.6
1077 907.226 -187.7
1078 906.904 -187.8
1079 906.581 -187.9
1080 906.259 -188
1081 905.937 -188.1
1082 905.615 -188.2
1083 905.293 -188.3
1084 904.97 -188.4
1085 904.648 -188.5
1086 904.326 -188.6
1087 904.004 -188.7
1088 903.681 -188.8
1089 903.359 -188.9
1090 903.037 -189
1091 902.715 -189.1
1092 902.393 -189.2
1093 902.07 -189.3
1094 901.748 -189.4
1095 901.426 -189.5
1096 901.104 -189.6
1097 900.782 -189.7
1098 900.459 -189.8
1099 900.137 -189.9
1100 899.815 -190
1101 899.493 -190.1
1102 899.171 -190.2
1103 898.849 -190.3
1104 898.526 -190.4
1105 898.204 -190.5
1106 897.882 -190.6
1107 897.56 -190.7
1108 897.238 -190.8
1109 896.916 -190.9
1110 896.593 -191
1111 896.271 -191.1
1112 895.949 -191.2
1113 895.627 -191.3
1114 895.305 -191.4
1115 894.983 -191.5
1116 894.661 -191.6
1117 894.339 -191.7
1118 894.016 -191.8
1119 893.694 -191.9
1120 893.372 -192
1121 893.05 -192.1
1122 892.728 -192.2
1123 892.406 -192.3
1124 892.084 -192.4
1125 891.762 -192.5
1126 891.44 -192.6
1127 891.117 -192.7
1128 890.795 -192.8
1129 890.473 -192.9
1130 890.151 -193
1131 889.829 -193.1
1132 889.507 -193.2
1133 889.185 -193.3
1134 888.863 -193.4
1135 888.541 -193.5
1136 888.219 -193.6
1137 887.897 -193.7
1138 887.575 -193.8
1139 887.253 -193.9
1140 886.931 -194
1141 886.608 -194.1
1142 886.286 -194.2
1143 885.964 -194.3
1144 885.642 -194.4
1145 885.32 -194.5
1146 884.998 -194.6
1147 884.676 -194.7
1148 884.354 -194.8
1149 884.032 -194.9
1150 883.71 -195
1151 883.388 -195.1
1152 883.066 -195.2
1153 882.744 -195.3
1154 882.422 -195.4
1155 882.1 -195.5
1156 881.778 -195.6
1157 881.456 -195.7
1158 881.134 -195.8
1159 880.812 -195.9
1160 880.49 -196
1161 880.168 -196.1
1162 879.846 -196.2
1163 879.524 -196.3
1164 879.202 -196.4
1165 878.88 -196.5
1166 878.558 -196.6
1167 878.236 -196.7
1168 877.914 -196.8
1169 877.592 -196.9
1170 877.27 -197
1171 876.948 -197.1
1172 876.626 -197.2
1173 876.304 -197.3
1174 875.982 -197.4
1175 875.66 -197.5
1176 875.338 -197.6
1177 875.016 -197.7
1178 874.694 -197.8
1179 874.372 -197.9
1180 874.051 -198
1181 873.729 -198.1
1182 873.407 -198.2
1183 873.085 -198.3
1184 872.763 -198.4
1185 872.441 -198.5
1186 872.119 -198.6
1187 871.797 -198.7
1188 871.475 -198.8
1189 871.153 -198.9
1190 870.831 -199
1191 870.509 -199.1
1192 870.187 -199.2
1193 869.865 -199.3
1194 869.543 -199.4
1195 869.222 -199.5
1196 868.9 -199.6
1197 868.578 -199.7
1198 868.256 -199.8
1199 867.934 -199.9
1200 867.612 -200
1201 867.29 -200.1
1202 866.968 -200.2
1203 866.646 -200.3
1204 866.324 -200.4
1205 866.003 -200.5
1206 865.681 -200.6
1207 865.359 -200.7
1208 865.037 -200.8
1209 864.715 -200.9
1210 864.393 -201
1211 864.071 -201.1
1212 863.749 -201.2
1213 863.428 -201.3
1214 863.106 -201.4
1215 862.784 -201.5
1216 862.462 -201.6
1217 862.14 -201.7
1218 861.818 -201.8
1219 861.496 -201.9
1220 861.174 -202
1221 860.853 -202.1
1222 860.531 -202.2
1223 860.209 -202.3
1224 859.887 -202.4
1225 859.565 -202.5
1226 859.243 -202.6
1227 858.922 -202.7
1228 858.6 -202.8
1229 858.278 -202.9
1230 857.956 -203
1231 857.634 -203.1
1232 857.312 -203.2
1233 856.99 -203.3
1234 856.669 -203.4
1235 856.347 -203.5
1236 856.025 -203.6
1237 855.703 -203.7
1238 855.381 -203.8
1239 855.06 -203.9
1240 854.738 -204
1241 854.416 -204.1
1242 854.094 -204.2
1243 853.772 -204.3
1244 853.45 -204.4
1245 853.129 -204.5
1246 852.807 -204.6
1247 852.485 -204.7
1248 852.163 -204.8
1249 851.841 -204.9
1250 851.52 -205
1251 851.198 -205.1
1252 850.876 -205.2
1253 850.554 -205.3
1254 850.233 -205.4
1255 849.911 -205.5
1256 849.589 -205.6
1257 849.267 -205.7
1258 848.945 -205.8
1259 848.624 -205.9
1260 848.302 -206
1261 847.98 -206.1
1262 847.658 -206.2
1263 847.336 -206.3
1264 847.015 -206.4
1265 846.693 -206.5
1266 846.371 -206.6
1267 846.049 -206.7
1268 845.728 -206.8
1269 845.406 -206.9
1270 845.084 -207
1271 844.762 -207.1
1272 844.441 -207.2
1273 844.119 -207.3
1274 843.797 -207.4
1275 843.475 -207.5
1276 843.154 -207.6
1277 842.832 -207.7
1278 842.51 -207.8
1279 842.188 -207.9
1280 841.867 -208
1281 841.545 -208.1
1282 841.223 -208.2
1283 840.901 -208.3
1284 840.58 -208.4
1285 840.258 -208.5
1286 839.936 -208.6
1287 839.614 -208.7
1288 839.293 -208.8
1289 838.971 -208.9
1290 838.649 -209
1291 838.328 -209.1
1292 838.006 -209.2
1293 837.684 -209.3
1294 837.362 -209.4
1295 837.041 -209.5
1296 836.719 -209.6
1297 836.397 -209.7
1298 836.076 -209.8
1299 835.754 -209.9
1300 835.432 -210
1301 835.11 -210.1
1302 834.789 -210.2
1303 834.467 -210.3
1304 834.145 -210.4
1305 833.824 -210.5
1306 833.502 -210.6
1307 833.18 -210.7
1308 832.858 -210.8
1309 832.537 -210.9
1310 832.215 -211
1311 831.893 -211.1
1312 831.572 -211.2
1313 831.25 -211.3
1314 830.928 -211.4
1315 830.607 -211.5
1316 830.285 -211.6
1317 829.963 -211.7
1318 829.642 -211.8
1319 829.32 -211.9
1320 828.998 -212
1321 828.677 -212.1
1322 828.355 -212.2
1323 828.033 -212.3
1324 827.711 -212.4
1325 827.39 -212.5
1326 827.068 -212.6
1327 826.746 -212.7
1328 826.425 -212.8
1329 826.103 -212.9
1330 825.781 -213
1331 825.46 -213.1
1332 825.138 -213.2
1333 824.816 -213.3
1334 824.495 -213.4
1335 824.173 -213.5
1336 823.852 -213.6
1337 823.53 -213.7
1338 823.208 -213.8
1339 822.887 -213.9
1340 822.565 -214
1341 822.243 -214.1
1342 821.922 -214.2
1343 821.6 -214.3
1344 821.278 -214.4
1345 820.957 -214.5
1346 820.635 -214.6
1347 820.313 -214.7
1348 819.992 -214.8
1349 819.67 -214.9
1350 819.348 -215
1351 819.027 -215.1
1352 818.705 -215.2
1353 818.384 -215.3
1354 818.062 -215.4
1355 817.74 -215.5
1356 817.419 -215.6
1357 817.097 -215.7
1358 816.775 -215.8
1359 816.454 -215.9
1360 816.132 -216
1361 815.811 -216.1
1362 815.489 -216.2
1363 815.167 -216.3
1364 814.846 -216.4
1365 814.524 -216.5
1366 814.202 -216.6
1367 813.881 -216.7
1368 813.559 -216.8
1369 813.238 -216.9
1370 812.916 -217
1371 812.594 -217.1
1372 812.273 -217.2
1373 811.951 -217.3
1374 811.63 -217.4
1375 811.308 -217.5
1376 810.986 -217.6
1377 810.665 -217.7
1378 810.343 -217.8
1379 810.022 -217.9
1380 809.7 -218
1381 809.378 -218.1
1382 809.057 -218.2
1383 808.735 -218.3
1384 808.414 -218.4
1385 808.092 -218.5
1386 807.77 -218.6
1387 807.449 -218.7
1388 807.127 -218.8
1389 806.806 -218.9
1390 806.484 -219
1391 806.162 -219.1
1392 805.841 -219.2
1393 805.519 -219.3
1394 805.198 -219.4
1395 804.876 -219.5
1396 804.554 -219.6
1397 804.233 -219.7
1398 803.911 -219.8
1399 803.59 -219.9
1400 803.268 -220
1401 802.947 -220.1
1402 802.625 -220.2
1403 802.303 -220.3
1404 801.982 -220.4
1405 801.66 -220.5
1406 801.339 -220.6
1407 801.017 -220.7
1408 800.696 -220.8
1409 800.374 -220.9
1410 800.052 -221
1411 799.731 -221.1
1412 799.409 -221.2
1413 799.088 -221.3
1414 798.766 -221.4
1415 798.445 -221.5
1416 798.123 -221.6
1417 797.801 -221.7
1418 797.48 -221.8
1419 797.158 -221.9
1420 796.837 -222
1421 796.515 -222.1
1422 796.194 -222.2
1423 795.872 -222.3
1424 795.551 -222.4
1425 795.229 -222.5
1426 794.907 -222.6
1427 794.586 -222.7
1428 794.264 -222.8
1429 793.943 -222.9
1430 793.621 -223
1431 793.3 -223.1
1432 792.978 -223.2
1433 792.657 -223.3
1434 792.335 -223.4
1435 792.014 -223.5
1436 791.692 -223.6
1437 791.37 -223.7
1438 791.049 -223.8
1439 790.727 -223.9
1440 790.406 -224
1441 790.084 -224.1
1442 789.763 -224.2
1443 789.441 -224.3
1444 789.12 -224.4
1445 788.798 -224.5
1446 788.477 -224.6
1447 788.155 -224.7
1448 787.834 -224.8
1449 787.512 -224.9
1450 787.191 -225
1451 786.869 -225.1
1452 786.548 -225.2
1453 786.226 -225.3
1454 785.904 -225.4
1455 785.583 -225.5
1456 785.261 -225.6
1457 784.94 -225.7
1458 784.618 -225.8
1459 784.297 -225.9
1460 783.975 -226
1461 783.654 -226.1
1462 783.332 -226.2
1463 783.011 -226.3
1464 782.689 -226.4
1465 782.368 -226.5
1466 782.046 -226.6
1467 781.725 -226.7
1468 781.403 -226.8
1469 781.082 -226.9
1470 780.76 -227
1471 780.439 -227.1
1472 780.117 -227.2
1473 779.796 -227.3
1474 779.474 -227.4
1475 779.153 -227.5
1476 778.831 -227.6
1477 778.51 -227.7
1478 778.188 -227.8
1479 777.867 -227.9
1480 777.545 -228
1481 777.224 -228.1
1482 776.902 -228.2
1483 776.581 -228.3
1484 776.259 -228.4
1485 775.938 -228.5
1486 775.616 -228.6
1487 775.295 -228.7
1488 774.973 -228.8
1489 774.652 -228.9
1490 774.33 -229
1491 774.009 -229.1
1492 773.687 -229.2
1493 773.366 -229.3
1494 773.044 -229.4
1495 772.723 -229.5
1496 772.401 -229.6
1497 772.08 -229.7
1498 771.758 -229.8
1499 771.437 -229.9
1500 771.115 -230
1501 770.794 -230.1
1502 770.472 -230.2
1503 770.151 -230.3
1504 769.829 -230.4
1505 769.508 -230.5
1506 769.186 -230.6
1507 768.865 -230.7
1508 768.543 -230.8
1509 768.222 -230.9
1510 767.901 -231
1511 767.579 -231.1
1512 767.258 -231.2
1513 766.936 -231.3
1514 766.615 -231.4
1515 766.293 -231.5
1516 765.972 -231.6
1517 765.65 -231.7
1518 765.329 -231.8
1519 765.007 -231.9
1520 764.686 -232
1521 764.364 -232.1
1522 764.043 -232.2
1523 763.721 -232.3
1524 763.4 -232.4
1525 763.078 -232.5
1526 762.757 -232.6
1527 762.435 -232.7
1528 762.114 -232.8
1529 761.793 -232.9
1530 761.471 -233
1531 761.15 -233.1
1532 760.828 -233.2
1533 760.507 -233.3
1534 760.185 -233.4
1535 759.864 -233.5
1536 759.542 -233.6
1537 759.221 -233.7
1538 758.899 -233.8
1539 758.578 -233.9
1540 758.257 -234
1541 757.935 -234.1
1542 757.614 -234.2
1543 757.292 -234.3
1544 756.971 -234.4
1545 756.649 -234.5
1546 756.328 -234.6
1547 756.006 -234.7
1548 755.685 -234.8
1549 755.363 -234.9
1550 755.042 -235
1551 754.721 -235.1
1552 754.399 -235.2
1553 754.078 -235.3
1554 753.756 -235.4
1555 753.435 -235.5
1556 753.113 -235.6
1557 752.792 -235.7
1558 752.47 -235.8
1559 752.149 -235.9
1560 751.828 -236
1561 751.506 -236.1
1562 751.185 -236.2
1563 750.863 -236.3
1564 750.542 -236.4
1565 750.22 -236.5
1566 749.899 -236.6
1567 749.577 -236.7
1568 749.256 -236.8
1569 748.935 -236.9
1570 748.613 -237
1571 748.292 -237.1
1572 747.97 -237.2
1573 747.649 -237.3
1574 747.327 -237.4
1575 747.006 -237.5
1576 746.684 -237.6
1577 746.363 -237.7
1578 746.042 -237.8
1579 745.72 -237.9
1580 745.399 -238
1581 745.077 -238.1
1582 744.756 -238.2
1583 744.434 -238.3
1584 744.113 -238.4
1585 743.792 -238.5
1586 743.47 -238.6
1587 743.149 -238.7
1588 742.827 -238.8
1589 742.506 -238.9
1590 742.184 -239
1591 741.863 -239.1
1592 741.542 -239.2
1593 741.22 -239.3
1594 740.899 -239.4
1595 740.577 -239.5
1596 740.256 -239.6
1597 739.934 -239.7
1598 739.613 -239.8
1599 739.292 -239.9
1600 738.97 -240
1601 738.649 -240.1
1602 738.327 -240.2
1603 738.006 -240.3
1604 737.685 -240.4
1605 737.363 -240.5
1606 737.042 -240.6
1607 736.72 -240.7
1608 736.399 -240.8
1609 736.077 -240.9
1610 735.756 -241
1611 735.435 -241.1
1612 735.113 -241.2
1613 734.792 -241.3
1614 734.47 -241.4
1615 734.149 -241.5
1616 733.828 -241.6
1617 733.506 -241.7
1618 733.185 -241.8
1619 732.863 -241.9
1620 732.542 -242
1621 732.221 -242.1
1622 731.899 -242.2
1623 731.578 -242.3
1624 731.256 -242.4
1625 730.935 -242.5
1626 730.613 -242.6
1627 730.292 -242.7
1628 729.971 -242.8
1629 729.649 -242.9
1630 729.328 -243
1631 729.006 -243.1
1632 728.685 -243.2
1633 728.364 -243.3
1634 728.042 -243.4
1635 727.721 -243.5
1636 727.399 -243.6
1637 727.078 -243.7
1638 726.757 -243.8
1639 726.435 -243.9
1640 726.114 -244
1641 725.792 -244.1
1642 725.471 -244.2
1643 725.15 -244.3
1644 724.828 -244.4
1645 724.507 -244.5
1646 724.185 -244.6
1647 723.864 -244.7
1648 723.543 -244.8
1649 723.221 -244.9
1650 722.9 -245
1651 722.578 -245.1
1652 722.257 -245.2
1653 721.936 -245.3
1654 721.614 -245.4
1655 721.293 -245.5
1656 720.971 -245.6
1657 720.65 -245.7
1658 720.329 -245.8
1659 720.007 -245.9
1660 719.686 -246
1661 719.364 -246.1
1662 719.043 -246.2
1663 718.722 -246.3
1664 718.4 -246.4
1665 718.079 -246.5
1666 717.758 -246.6
1667 717.436 -246.7
1668 717.115 -246.8
1669 716.793 -246.9
1670 716.472 -247
1671 716.151 -247.1
1672 715.829 -247.2
1673 715.508 -247.3
1674 715.186 -247.4
1675 714.865 -247.5
1676 714.544 -247.6
1677 714.222 -247.7
1678 713.901 -247.8
1679 713.58 -247.9
1680 713.258 -248
1681 712.937 -248.1
1682 712.615 -248.2
1683 712.294 -248.3
1684 711.973 -248.4
1685 711.651 -248.5
1686 711.33 -248.6
1687 711.008 -248.7
1688 710.687 -248.8
1689 710.366 -248.9
1690 710.044 -249
1691 709.723 -249.1
1692 709.402 -249.2
1693 709.08 -249.3
1694 708.759 -249.4
1695 708.437 -249.5
1696 708.116 -249.6
1697 707.795 -249.7
1698 707.473 -249.8
1699 707.152 -249.9
1700 706.831 -250
1701 706.509 -250.1
1702 706.188 -250.2
1703 705.866 -250.3
1704 705.545 -250.4
1705 705.224 -250.5
1706 704.902 -250.6
1707 704.581 -250.7
1708 704.26 -250.8
1709 703.938 -250.9
1710 703.617 -251
1711 703.295 -251.1
1712 702.974 -251.2
1713 702.653 -251.3
1714 702.331 -251.4
1715 702.01 -251.5
1716 701.689 -251.6
1717 701.367 -251.7
1718 701.046 -251.8
1719 700.724 -251.9
1720 700.403 -252
1721 700.082 -252.1
1722 699.76 -252.2
1723 699.439 -252.3
1724 699.118 -252.4
1725 698.796 -252.5
1726 698.475 -252.6
1727 698.154 -252.7
1728 697.832 -252.8
1729 697.511 -252.9
1730 697.189 -253
1731 696.868 -253.1
1732 696.547 -253.2
1733 696.225 -253.3
1734 695.904 -253.4
1735 695.583 -253.5
1736 695.261 -253.6
1737 694.94 -253.7
1738 694.619 -253.8
1739 694.297 -253.9
1740 693.976 -254
1741 693.654 -254.1
1742 693.333 -254.2
1743 693.012 -254.3
1744 692.69 -254.4
1745 692.369 -254.5
1746 692.048 -254.6
1747 691.726 -254.7
1748 691.405 -254.8
1749 691.084 -254.9
1750 690.762 -255
1751 690.441 -255.1
1752 690.119 -255.2
1753 689.798 -255.3
1754 689.477 -255.4
1755 689.155 -255.5
1756 688.834 -255.6
1757 688.513 -255.7
1758 688.191 -255.8
1759 687.87 -255.9
1760 687.549 -256
1761 687.227 -256.1
1762 686.906 -256.2
1763 686.585 -256.3
1764 686.263 -256.4
1765 685.942 -256.5
1766 685.62 -256.6
1767 685.299 -256.7
1768 684.978 -256.8
1769 684.656 -256.9
1770 684.335 -257
1771 684.014 -257.1
1772 683.692 -257.2
1773 683.371 -257.3
1774 683.05 -257.4
1775 682.728 -257.5
1776 682.407 -257.6
1777 682.086 -257.7
1778 681.764 -257.8
1779 681.443 -257.9
1780 681.122 -258
1781 680.8 -258.1
1782 680.479 -258.2
1783 680.157 -258.3
1784 679.836 -258.4
1785 679.515 -258.5
1786 679.193 -258.6
1787 678.872 -258.7
1788 678.551 -258.8
1789 678.229 -258.9
1790 677.908 -259
1791 677.587 -259.1
1792 677.265 -259.2
1793 676.944 -259.3
1794 676.623 -259.4
1795 676.301 -259.5
1796 675.98 -259.6
1797 675.659 -259.7
1798 675.337 -259.8
1799 675.016 -259.9
1800 674.695 -260
1801 674.373 -260.1
1802 674.052 -260.2
1803 673.731 -260.3
1804 673.409 -260.4
1805 673.088 -260.5
1806 672.767 -260.6
1807 672.445 -260.7
1808 672.124 -260.8
1809 671.802 -260.9
1810 671.481 -261
1811 671.16 -261.1
1812 670.838 -261.2
1813 670.517 -261.3
1814 670.196 -261.4
1815 669.874 -261.5
1816 669.553 -261.6
1817 669.232 -261.7
1818 668.91 -261.8
1819 668.589 -261.9
1820 668.268 -262
1821 667.946 -262.1
1822 667.625 -262.2
1823 667.304 -262.3
1824 666.982 -262.4
1825 666.661 -262.5
1826 666.34 -262.6
1827 666.018 -262.7
1828 665.697 -262.8
1829 665.376 -262.9
1830 665.054 -263
1831 664.733 -263.1
1832 664.412 -263.2
1833 664.09 -263.3
1834 663.769 -263.4
1835 663.448 -263.5
1836 663.126 -263.6
1837 662.805 -263.7
1838 662.484 -263.8
1839 662.162 -263.9
1840 661.841 -264
1841 661.52 -264.1
1842 661.198 -264.2
1843 660.877 -264.3
1844 660.556 -264.4
1845 660.234 -264.5
1846 659.913 -264.6
1847 659.592 -264.7
1848 659.27 -264.8
1849 658.949 -264.9
1850 658.628 -265
1851 658.306 -265.1
1852 657.985 -265.2
1853 657.664 -265.3
1854 657.342 -265.4
1855 657.021 -265.5
1856 656.7 -265.6
1857 656.378 -265.7
1858 656.057 -265.8
1859 655.736 -265.9
1860 655.414 -266
1861 655.093 -266.1
1862 654.772 -266.2
1863 654.45 -266.3
1864 654.129 -266.4
1865 653.808 -266.5
1866 653.486 -266.6
1867 653.165 -266.7
1868 652.844 -266.8
1869 652.522 -266.9
1870 652.201 -267
1871 651.88 -267.1
1872 651.558 -267.2
1873 651.237 -267.3
1874 650.916 -267.4
1875 650.594 -267.5
1876 650.273 -267.6
1877 649.952 -267.7
1878 649.63 -267.8
1879 649.309 -267.9
1880 648.988 -268
1881 648.666 -268.1
1882 648.345 -268.2
1883 648.024 -268.3
1884 647.702 -268.4
1885 647.381 -268.5
1886 647.06 -268.6
1887 646.738 -268.7
1888 646.417 -268.8
1889 646.096 -268.9
1890 645.774 -269
1891 645.453 -269.1
1892 645.132 -269.2
1893 644.811 -269.3
1894 644.489 -269.4
1895 644.168 -269.5
1896 643.847 -269.6
1897 643.525 -269.7
1898 643.204 -269.8
1899 642.883 -269.9
1900 642.561 -270
1901 642.24 -270.1
1902 641.919 -270.2
1903 641.597 -270.3
1904 641.276 -270.4
1905 640.955 -270.5
1906 640.633 -270.6
1907 640.312 -270.7
1908 639.991 -270.8
1909 639.669 -270.9
1910 639.348 -271
1911 639.027 -271.1
1912 638.705 -271.2
1913 638.384 -271.3
1914 638.063 -271.4
1915 637.741 -271.5
1916 637.42 -271.6
1917 637.099 -271.7
1918 636.777 -271.8
1919 636.456 -271.9
1920 636.135 -272
1921 635.813 -272.1
1922 635.492 -272.2
1923 635.171 -272.3
1924 634.85 -272.4
1925 634.528 -272.5
1926 634.207 -272.6
1927 633.886 -272.7
1928 633.564 -272.8
1929 633.243 -272.9
1930 632.922 -273
1931 632.6 -273.1
1932 632.279 -273.2
1933 631.958 -273.3
1934 631.636 -273.4
1935 631.315 -273.5
1936 630.994 -273.6
1937 630.672 -273.7
1938 630.351 -273.8
1939 630.03 -273.9
1940 629.708 -274
1941 629.387 -274.1
1942 629.066 -274.2
1943 628.745 -274.3
1944 628.423 -274.4
1945 628.102 -274.5
1946 627.781 -274.6
1947 627.459 -274.7
1948 627.138 -274.8
1949 626.817 -274.9
1950 626.495 -275
1951 626.174 -275.1
1952 625.853 -275.2
1953 625.531 -275.3
1954 625.21 -275.4
1955 624.889 -275.5
1956 624.567 -275.6
1957 624.246 -275.7
1958 623.925 -275.8
1959 623.603 -275.9
1960 623.282 -276
1961 622.961 -276.1
1962 622.64 -276.2
1963 622.318 -276.3
1964 621.997 -276.4
1965 621.676 -276.5
1966 621.354 -276.6
1967 621.033 -276.7
1968 620.712 -276.8
1969 620.39 -276.9
1970 620.069 -277
1971 619.748 -277.1
1972 619.426 -277.2
1973 619.105 -277.3
1974 618.784 -277.4
1975 618.462 -277.5
1976 618.141 -277.6
1977 617.82 -277.7
1978 617.499 -277.8
1979 617.177 -277.9
1980 616.856 -278
1981 616.535 -278.1
1982 616.213 -278.2
1983 615.892 -278.3
1984 615.571 -278.4
1985 615.249 -278.5
1986 614.928 -278.6
1987 614.607 -278.7
1988 614.285 -278.8
1989 613.964 -278.9
1990 613.643 -279
1991 613.321 -279.1
1992 613 -279.2
1993 612.679 -279.3
1994 612.358 -279.4
1995 612.036 -279.5
1996 611.715 -279.6
1997 611.394 -279.7
1998 611.072 -279.8
1999 610.751 -279.9
2000 610.43 -280
2001 610.108 -280.1
2002 609.787 -280.2
2003 609.466 -280.3
2004 609.144 -280.4
2005 608.823 -280.5
2006 608.502 -280.6
2007 608.181 -280.7
2008 607.859 -280.8
2009 607.538 -280.9
2010 607.217 -281
2011 606.895 -281.1
2012 606.574 -281.2
2013 606.253 -281.3
2014 605.931 -281.4
2015 605.61 -281.5
2016 605.289 -281.6
2017 604.967 -281.7
2018 604.646 -281.8
2019 604.325 -281.9
2020 604.004 -282
2021 603.682 -282.1
2022 603.361 -282.2
2023 603.04 -282.3
2024 602.718 -282.4
2025 602.397 -282.5
2026 602.076 -282.6
2027 601.754 -282.7
2028 601.433 -282.8
2029 601.112 -282.9
2030 600.791 -283
2031 600.469 -283.1
2032 600.148 -283.2
2033 599.827 -283.3
2034 599.505 -283.4
2035 599.184 -283.5
2036 598.863 -283.6
2037 598.541 -283.7
2038 598.22 -283.8
2039 597.899 -283.9
2040 597.577 -284
2041 597.256 -284.1
2042 596.935 -284.2
2043 596.614 -284.3
2044 596.292 -284.4
2045 595.971 -284.5
2046 595.65 -284.6
2047 595.328 -284.7
2048 595.007 -284.8
2049 594.686 -284.9
2050 594.364 -285
2051 594.043 -285.1
2052 593.722 -285.2
2053 593.401 -285.3
2054 593.079 -285.4
2055 592.758 -285.5
2056 592.437 -285.6
2057 592.115 -285.7
2058 591.794 -285.8
2059 591.473 -285.9
2060 591.151 -286
2061 590.83 -286.1
2062 590.509 -286.2
2063 590.188 -286.3
2064 589.866 -286.4
2065 589.545 -286.5
2066 589.224 -286.6
2067 588.902 -286.7
2068 588.581 -286.8
2069 588.26 -286.9
2070 587.938 -287
2071 587.617 -287.1
2072 587.296 -287.2
2073 586.975 -287.3
2074 586.653 -287.4
2075 586.332 -287.5
2076 586.011 -287.6
2077 585.689 -287.7
2078 585.368 -287.8
2079 585.047 -287.9
2080 584.725 -288
2081 584.404 -288.1
2082 584.083 -288.2
2083 583.762 -288.3
2084 583.44 -288.4
2085 583.119 -288.5
2086 582.798 -288.6
2087 582.476 -288.7
2088 582.155 -288.8
2089 581.834 -288.9
2090 581.512 -289
2091 581.191 -289.1
2092 580.87 -289.2
2093 580.549 -289.3
2094 580.227 -289.4
2095 579.906 -289.5
2096 579.585 -289.6
2097 579.263 -289.7
2098 578.942 -289.8
2099 578.621 -289.9
2100 578.299 -290
2101 577.978 -290.1
2102 577.657 -290.2
2103 577.336 -290.3
2104 577.014 -290.4
2105 576.693 -290.5
2106 576.372 -290.6
2107 576.05 -290.7
2108 575.729 -290.8
2109 575.408 -290.9
2110 575.086 -291
2111 574.765 -291.1
2112 574.444 -291.2
2113 574.123 -291.3
2114 573.801 -291.4
2115 573.48 -291.5
2116 573.159 -291.6
2117 572.837 -291.7
2118 572.516 -291.8
2119 572.195 -291.9
2120 571.874 -292
2121 571.552 -292.1
2122 571.231 -292.2
2123 570.91 -292.3
2124 570.588 -292.4
2125 570.267 -292.5
2126 569.946 -292.6
2127 569.624 -292.7
2128 569.303 -292.8
2129 568.982 -292.9
2130 568.661 -293
2131 568.339 -293.1
2132 568.018 -293.2
2133 567.697 -293.3
2134 567.375 -293.4
2135 567.054 -293.5
2136 566.733 -293.6
2137 566.411 -293.7
2138 566.09 -293.8
2139 565.769 -293.9
2140 565.448 -294
2141 565.126 -294.1
2142 564.805 -294.2
2143 564.484 -294.3
2144 564.162 -294.4
2145 563.841 -294.5
2146 563.52 -294.6
2147 563.199 -294.7
2148 562.877 -294.8
2149 562.556 -294.9
2150 562.235 -295
2151 561.913 -295.1
2152 561.592 -295.2
2153 561.271 -295.3
2154 560.949 -295.4
2155 560.628 -295.5
2156 560.307 -295.6
2157 559.986 -295.7
2158 559.664 -295.8
2159 559.343 -295.9
2160 559.022 -296
2161 558.7 -296.1
2162 558.379 -296.2
2163 558.058 -296.3
2164 557.737 -296.4
2165 557.415 -296.5
2166 557.094 -296.6
2167 556.773 -296.7
2168 556.451 -296.8
2169 556.13 -296.9
2170 555.809 -297
2171 555.488 -297.1
2172 555.166 -297.2
2173 554.845 -297.3
2174 554.524 -297.4
2175 554.202 -297.5
2176 553.881 -297.6
2177 553.56 -297.7
2178 553.238 -297.8
2179 552.917 -297.9
2180 552.596 -298
2181 552.275 -298.1
2182 551.953 -298.2
2183 551.632 -298.3
2184 551.311 -298.4
2185 550.989 -298.5
2186 550.668 -298.6
2187 550.347 -298.7
2188 550.026 -298.8
2189 549.704 -298.9
2190 549.383 -299
2191 549.062 -299.1
2192 548.74 -299.2
2193 548.419 -299.3
2194 548.098 -299.4
2195 547.777 -299.5
2196 547.455 -299.6
2197 547.134 -299.7
2198 546.813 -299.8
2199 546.491 -299.9
2200 546.17 -300
2201 545.849 -300.1
2202 545.527 -300.2
2203 545.206 -300.3
2204 544.885 -300.4
2205 544.564 -300.5
2206 544.242 -300.6
2207 543.921 -300.7
2208 543.6 -300.8
2209 543.278 -300.9
2210 542.957 -301
2211 542.636 -301.1
2212 542.315 -301.2
2213 541.993 -301.3
2214 541.672 -301.4
2215 541.351 -301.5
2216 541.029 -301.6
2217 540.708 -301.7
2218 540.387 -301.8
2219 540.066 -301.9
2220 539.744 -302
2221 539.423 -302.1
2222 539.102 -302.2
2223 538.78 -302.3
2224 538.459 -302.4
2225 538.138 -302.5
2226 537.817 -302.6
2227 537.495 -302.7
2228 537.174 -302.8
2229 536.853 -302.9
2230 536.531 -303
2231 536.21 -303.1
2232 535.889 -303.2
2233 535.568 -303.3
2234 535.246 -303.4
2235 534.925 -303.5
2236 534.604 -303.6
2237 534.282 -303.7
2238 533.961 -303.8
2239 533.64 -303.9
2240 533.318 -304
2241 532.997 -304.1
2242 532.676 -304.2
2243 532.355 -304.3
2244 532.033 -304.4
2245 531.712 -304.5
2246 531.391 -304.6
2247 531.069 -304.7
2248 530.748 -304.8
2249 530.427 -304.9
2250 530.106 -305
2251 529.784 -305.1
2252 529.463 -305.2
2253 529.142 -305.3
2254 528.82 -305.4
2255 528.499 -305.5
2256 528.178 -305.6
2257 527.857 -305.7
2258 527.535 -305.8
2259 527.214 -305.9
2260 526.893 -306
2261 526.571 -306.1
2262 526.25 -306.2
2263 525.929 -306.3
2264 525.608 -306.4
2265 525.286 -306.5
2266 524.965 -306.6
2267 524.644 -306.7
2268 524.322 -306.8
2269 524.001 -306.9
2270 523.68 -307
2271 523.359 -307.1
2272 523.037 -307.2
2273 522.716 -307.3
2274 522.395 -307.4
2275 522.073 -307.5
2276 521.752 -307.6
2277 521.431 -307.7
2278 521.11 -307.8
2279 520.788 -307.9
2280 520.467 -308
2281 520.146 -308.1
2282 519.824 -308.2
2283 519.503 -308.3
2284 519.182 -308.4
2285 518.861 -308.5
2286 518.539 -308.6
2287 518.218 -308.7
2288 517.897 -308.8
2289 517.575 -308.9
2290 517.254 -309
2291 516.933 -309.1
2292 516.612 -309.2
2293 516.29 -309.3
2294 515.969 -309.4
2295 515.648 -309.5
2296 515.326 -309.6
2297 515.005 -309.7
2298 514.684 -309.8
2299 514.363 -309.9
2300 514.041 -310
2301 513.72 -310.1
2302 513.399 -310.2
2303 513.077 -310.3
2304 512.756 -310.4
2305 512.435 -310.5
2306 512.114 -310.6
2307 511.792 -310.7
2308 511.471 -310.8
2309 511.15 -310.9
2310 510.828 -311
2311 510.507 -311.1
2312 510.186 -311.2
2313 509.865 -311.3
2314 509.543 -311.4
2315 509.222 -311.5
2316 508.901 -311.6
2317 508.579 -311.7
2318 508.258 -311.8
2319 507.937 -311.9
2320 507.616 -312
2321 507.294 -312.1
2322 506.973 -312.2
2323 506.652 -312.3
2324 506.33 -312.4
2325 506.009 -312.5
2326 505.688 -312.6
2327 505.367 -312.7
2328 505.045 -312.8
2329 504.724 -312.9
2330 504.403 -313
2331 504.081 -313.1
2332 503.76 -313.2
2333 503.439 -313.3
2334 503.118 -313.4
2335 502.796 -313.5
2336 502.475 -313.6
2337 502.154 -313.7
2338 501.832 -313.8
2339 501.511 -313.9
2340 501.19 -314
2341 500.869 -314.1
2342 500.547 -314.2
2343 500.226 -314.3
2344 499.905 -314.4
2345 499.583 -314.5
2346 499.262 -314.6
2347 498.941 -314.7
2348 498.62 -314.8
2349 498.298 -314.9
2350 497.977 -315
2351 497.656 -315.1
2352 497.334 -315.2
2353 497.013 -315.3
2354 496.692 -315.4
2355 496.371 -315.5
2356 496.049 -315.6
2357 495.728 -315.7
2358 495.407 -315.8
2359 495.086 -315.9
2360 494.764 -316
2361 494.443 -316.1
2362 494.122 -316.2
2363 493.8 -316.3
2364 493.479 -316.4
2365 493.158 -316.5
2366 492.837 -316.6
2367 492.515 -316.7
2368 492.194 -316.8
2369 491.873 -316.9
2370 491.551 -317
2371 491.23 -317.1
2372 490.909 -317.2
2373 490.588 -317.3
2374 490.266 -317.4
2375 489.945 -317.5
2376 489.624 -317.6
2377 489.302 -317.7
2378 488.981 -317.8
2379 488.66 -317.9
2380 488.339 -318
2381 488.017 -318.1
2382 487.696 -318.2
2383 487.375 -318.3
2384 487.053 -318.4
2385 486.732 -318.5
2386 486.411 -318.6
2387 486.09 -318.7
2388 485.768 -318.8
2389 485.447 -318.9
2390 485.126 -319
2391 484.804 -319.1
2392 484.483 -319.2
2393 484.162 -319.3
2394 483.841 -319.4
2395 483.519 -319.5
2396 483.198 -319.6
2397 482.877 -319.7
2398 482.555 -319.8
2399 482.234 -319.9
2400 481.913 -320
2401 481.592 -320.1
2402 481.27 -320.2
2403 480.949 -320.3
2404 480.628 -320.4
2405 480.307 -320.5
2406 479.985 -320.6
2407 479.664 -320.7
2408 479.343 -320.8
2409 479.021 -320.9
2410 478.7 -321
2411 478.379 -321.1
2412 478.058 -321.2
2413 477.736 -321.3
2414 477.415 -321.4
2415 477.094 -321.5
2416 476.772 -321.6
2417 476.451 -321.7
2418 476.13 -321.8
2419 475.809 -321.9
2420 475.487 -322
2421 475.166 -322.1
2422 474.845 -322.2
2423 474.523 -322.3
2424 474.202 -322.4
2425 473.881 -322.5
2426 473.56 -322.6
2427 473.238 -322.7
2428 472.917 -322.8
2429 472.596 -322.9
2430 472.274 -323
2431 471.953 -323.1
2432 471.632 -323.2
2433 471.311 -323.3
2434 470.989 -323.4
2435 470.668 -323.5
2436 470.347 -323.6
2437 470.026 -323.7
2438 469.704 -323.8
2439 469.383 -323.9
2440 469.062 -324
2441 468.74 -324.1
2442 468.419 -324.2
2443 468.098 -324.3
2444 467.777 -324.4
2445 467.455 -324.5
2446 467.134 -324.6
2447 466.813 -324.7
2448 466.491 -324.8
2449 466.17 -324.9
2450 465.849 -325
2451 465.528 -325.1
2452 465.206 -325.2
2453 464.885 -325.3
2454 464.564 -325.4
2455 464.242 -325.5
2456 463.921 -325.6
2457 463.6 -325.7
2458 463.279 -325.8
2459 462.957 -325.9
2460 462.636 -326
2461 462.315 -326.1
2462 461.993 -326.2
2463 461.672 -326.3
2464 461.351 -326.4
2465 461.03 -326.5
2466 460.708 -326.6
2467 460.387 -326.7
2468 460.066 -326.8
2469 459.745 -326.9
2470 459.423 -327
2471 459.102 -327.1
2472 458.781 -327.2
2473 458.459 -327.3
2474 458.138 -327.4
2475 457.817 -327.5
2476 457.496 -327.6
2477 457.174 -327.7
2478 456.853 -327.8
2479 456.532 -327.9
2480 456.21 -328
2481 455.889 -328.1
2482 455.568 -328.2
2483 455.247 -328.3
2484 454.925 -328.4
2485 454.604 -328.5
2486 454.283 -328.6
2487 453.961 -328.7
2488 453.64 -328.8
2489 453.319 -328.9
2490 452.998 -329
2491 452.676 -329.1
2492 452.355 -329.2
2493 452.034 -329.3
2494 451.713 -329.4
2495 451.391 -329.5
2496 451.07 -329.6
2497 450.749 -329.7
2498 450.427 -329.8
2499 450.106 -329.9
2500 449.785 -330
2501 449.464 -330.1
2502 449.142 -330.2
2503 448.821 -330.3
2504 448.5 -330.4
2505 448.178 -330.5
2506 447.857 -330.6
2507 447.536 -330.7
2508 447.215 -330.8
2509 446.893 -330.9
2510 446.572 -331
2511 446.251 -331.1
2512 445.93 -331.2
2513 445.608 -331.3
2514 445.287 -331.4
2515 444.966 -331.5
2516 444.644 -331.6
2517 444.323 -331.7
2518 444.002 -331.8
2519 443.681 -331.9
2520 443.359 -332
2521 443.038 -332.1
2522 442.717 -332.2
2523 442.395 -332.3
2524 442.074 -332.4
2525 441.753 -332.5
2526 441.432 -332.6
2527 441.11 -332.7
2528 440.789 -332.8
2529 440.468 -332.9
2530 440.146 -333
2531 439.825 -333.1
2532 439.504 -333.2
2533 439.183 -333.3
2534 438.861 -333.4
2535 438.54 -333.5
2536 438.219 -333.6
2537 437.898 -333.7
2538 437.576 -333.8
2539 437.255 -333.9
2540 436.934 -334
2541 436.612 -334.1
2542 436.291 -334.2
2543 435.97 -334.3
2544 435.649 -334.4
2545 435.327 -334.5
2546 435.006 -334.6
2547 434.685 -334.7
2548 434.363 -334.8
2549 434.042 -334.9
2550 433.721 -335
2551 433.4 -335.1
2552 433.078 -335.2
2553 432.757 -335.3
2554 432.436 -335.4
2555 432.115 -335.5
2556 431.793 -335.6
2557 431.472 -335.7
2558 431.151 -335.8
2559 430.829 -335.9
2560 430.508 -336
2561 430.187 -336.1
2562 429.866 -336.2
2563 429.544 -336.3
2564 429.223 -336.4
2565 428.902 -336.5
2566 428.58 -336.6
2567 428.259 -336.7
2568 427.938 -336.8
2569 427.617 -336.9
2570 427.295 -337
2571 426.974 -337.1
2572 426.653 -337.2
2573 426.332 -337.3
2574 426.01 -337.4
2575 425.689 -337.5
2576 425.368 -337.6
2577 425.046 -337.7
2578 424.725 -337.8
2579 424.404 -337.9
2580 424.083 -338
2581 423.761 -338.1
2582 423.44 -338.2
2583 423.119 -338.3
2584 422.797 -338.4
2585 422.476 -338.5
2586 422.155 -338.6
2587 421.834 -338.7
2588 421.512 -338.8
2589 421.191 -338.9
2590 420.87 -339
2591 420.549 -339.1
2592 420.227 -339.2
2593 419.906 -339.3
2594 419.585 -339.4
2595 419.263 -339.5
2596 418.942 -339.6
2597 418.621 -339.7
2598 418.3 -339.8
2599 417.978 -339.9
2600 417.657 -340
2601 417.336 -340.1
2602 417.014 -340.2
2603 416.693 -340.3
2604 416.372 -340.4
2605 416.051 -340.5
2606 415.729 -340.6
2607 415.408 -340.7
2608 415.087 -340.8
2609 414.766 -340.9
2610 414.444 -341
2611 414.123 -341.1
2612 413.802 -341.2
2613 413.48 -341.3
2614 413.159 -341.4
2615 412.838 -341.5
2616 412.517 -341.6
2617 412.195 -341.7
2618 411.874 -341.8
2619 411.553 -341.9
2620 411.231 -342
2621 410.91 -342.1
2622 410.589 -342.2
2623 410.268 -342.3
2624 409.946 -342.4
2625 409.625 -342.5
2626 409.304 -342.6
2627 408.983 -342.7
2628 408.661 -342.8
2629 408.34 -342.9
2630 408.019 -343
2631 407.697 -343.1
2632 407.376 -343.2
2633 407.055 -343.3
2634 406.734 -343.4
2635 406.412 -343.5
2636 406.091 -343.6
2637 405.77 -343.7
2638 405.448 -343.8
2639 405.127 -343.9
2640 404.806 -344
2641 404.485 -344.1
2642 404.163 -344.2
2643 403.842 -344.3
2644 403.521 -344.4
2645 403.2 -344.5
2646 402.878 -344.6
2647 402.557 -344.7
2648 402.236 -344.8
2649 401.914 -344.9
2650 401.593 -345
2651 401.272 -345.1
2652 400.951 -345.2
2653 400.629 -345.3
2654 400.308 -345.4
2655 399.987 -345.5
2656 399.665 -345.6
2657 399.344 -345.7
2658 399.023 -345.8
2659 398.702 -345.9
2660 398.38 -346
2661 398.059 -346.1
2662 397.738 -346.2
2663 397.417 -346.3
2664 397.095 -346.4
2665 396.774 -346.5
2666 396.453 -346.6
2667 396.131 -346.7
2668 395.81 -346.8
2669 395.489 -346.9
2670 395.168 -347
2671 394.846 -347.1
2672 394.525 -347.2
2673 394.204 -347.3
2674 393.882 -347.4
2675 393.561 -347.5
2676 393.24 -347.6
2677 392.919 -347.7
2678 392.597 -347.8
2679 392.276 -347.9
2680 391.955 -348
2681 391.634 -348.1
2682 391.312 -348.2
2683 390.991 -348.3
2684 390.67 -348.4
2685 390.348 -348.5
2686 390.027 -348.6
2687 389.706 -348.7
2688 389.385 -348.8
2689 389.063 -348.9
2690 388.742 -349
2691 388.421 -349.1
2692 388.1 -349.2
2693 387.778 -349.3
2694 387.457 -349.4
2695 387.136 -349.5
2696 386.814 -349.6
2697 386.493 -349.7
2698 386.172 -349.8
2699 385.851 -349.9
2700 385.529 -350
2701 385.208 -350.1
2702 384.887 -350.2
2703 384.565 -350.3
2704 384.244 -350.4
2705 383.923 -350.5
2706 383.602 -350.6
2707 383.28 -350.7
2708 382.959 -350.8
2709 382.638 -350.9
2710 382.317 -351
2711 381.995 -351.1
2712 381.674 -351.2
2713 381.353 -351.3
2714 381.031 -351.4
2715 380.71 -351.5
2716 380.389 -351.6
2717 380.068 -351.7
2718 379.746 -351.8
2719 379.425 -351.9
2720 379.104 -352
2721 378.782 -352.1
2722 378.461 -352.2
2723 378.14 -352.3
2724 377.819 -352.4
2725 377.497 -352.5
2726 377.176 -352.6
2727 376.855 -352.7
2728 376.534 -352.8
2729 376.212 -352.9
2730 375.891 -353
2731 375.57 -353.1
2732 375.248 -353.2
2733 374.927 -353.3
2734 374.606 -353.4
2735 374.285 -353.5
2736 373.963 -353.6
2737 373.642 -353.7
2738 373.321 -353.8
2739 373 -353.9
2740 372.678 -354
2741 372.357 -354.1
2742 372.036 -354.2
2743 371.714 -354.3
2744 371.393 -354.4
2745 371.072 -354.5
2746 370.751 -354.6
2747 370.429 -354.7
2748 370.108 -354.8
2749 369.787 -354.9
2750 369.465 -355
2751 369.144 -355.1
2752 368.823 -355.2
2753 368.502 -355.3
2754 368.18 -355.4
2755 367.859 -355.5
2756 367.538 -355.6
2757 367.217 -355.7
2758 366.895 -355.8
2759 366.574 -355.9
2760 366.253 -356
2761 365.931 -356.1
2762 365.61 -356.2
2763 365.289 -356.3
2764 364.968 -356.4
2765 364.646 -356.5
2766 364.325 -356.6
2767 364.004 -356.7
2768 363.683 -356.8
2769 363.361 -356.9
2770 363.04 -357
2771 362.719 -357.1
2772 362.397 -357.2
2773 362.076 -357.3
2774 361.755 -357.4
2775 361.434 -357.5
2776 361.112 -357.6
2777 360.791 -357.7
2778 360.47 -357.8
2779 360.148 -357.9
2780 359.827 -358
2781 359.506 -358.1
2782 359.185 -358.2
2783 358.863 -358.3
2784 358.542 -358.4
2785 358.221 -358.5
2786 357.9 -358.6
2787 357.578 -358.7
2788 357.257 -358.8
2789 356.936 -358.9
2790 356.614 -359
2791 356.293 -359.1
2792 355.972 -359.2
2793 355.651 -359.3
2794 355.329 -359.4
2795 355.008 -359.5
2796 354.687 -359.6
2797 354.366 -359.7
2798 354.044 -359.8
2799 353.723 -359.9
2800 353.402 -360
2801 353.08 -360.1
2802 352.759 -360.2
2803 352.438 -360.3
2804 352.117 -360.4
2805 351.795 -360.5
2806 351.474 -360.6
2807 351.153 -360.7
2808 350.831 -360.8
2809 350.51 -360.9
2810 350.189 -361
2811 349.868 -361.1
2812 349.546 -361.2
2813 349.225 -361.3
2814 348.904 -361.4
2815 348.583 -361.5
2816 348.261 -361.6
2817 347.94 -361.7
2818 347.619 -361.8
2819 347.297 -361.9
2820 346.976 -362
2821 346.655 -362.1
2822 346.334 -362.2
2823 346.012 -362.3
2824 345.691 -362.4
2825 345.37 -362.5
2826 345.049 -362.6
2827 344.727 -362.7
2828 344.406 -362.8
2829 344.085 -362.9
2830 343.763 -363
2831 343.442 -363.1
2832 343.121 -363.2
2833 342.8 -363.3
2834 342.478 -363.4
2835 342.157 -363.5
2836 341.836 -363.6
2837 341.514 -363.7
2838 341.193 -363.8
2839 340.872 -363.9
2840 340.551 -364
2841 340.229 -364.1
2842 339.908 -364.2
2843 339.587 -364.3
2844 339.266 -364.4
2845 338.944 -364.5
2846 338.623 -364.6
2847 338.302 -364.7
2848 337.98 -364.8
2849 337.659 -364.9
2850 337.338 -365
2851 337.017 -365.1
2852 336.695 -365.2
2853 336.374 -365.3
2854 336.053 -365.4
2855 335.732 -365.5
2856 335.41 -365.6
2857 335.089 -365.7
2858 334.768 -365.8
2859 334.446 -365.9
2860 334.125 -366
2861 333.804 -366.1
2862 333.483 -366.2
2863 333.161 -366.3
2864 332.84 -366.4
2865 332.519 -366.5
2866 332.198 -366.6
2867 331.876 -366.7
2868 331.555 -366.8
2869 331.234 -366.9
2870 330.912 -367
2871 330.591 -367.1
2872 330.27 -367.2
2873 329.949 -367.3
2874 329.627 -367.4
2875 329.306 -367.5
2876 328.985 -367.6
2877 328.663 -367.7
2878 328.342 -367.8
2879 328.021 -367.9
2880 327.7 -368
2881 327.378 -368.1
2882 327.057 -368.2
2883 326.736 -368.3
2884 326.415 -368.4
2885 326.093 -368.5
2886 325.772 -368.6
2887 325.451 -368.7
2888 325.129 -368.8
2889 324.808 -368.9
2890 324.487 -369
2891 324.166 -369.1
2892 323.844 -369.2
2893 323.523 -369.3
2894 323.202 -369.4
2895 322.881 -369.5
2896 322.559 -369.6
2897 322.238 -369.7
2898 321.917 -369.8
2899 321.595 -369.9
2900 321.274 -370
2901 320.953 -370.1
2902 320.632 -370.2
2903 320.31 -370.3
2904 319.989 -370.4
2905 319.668 -370.5
2906 319.347 -370.6
2907 319.025 -370.7
2908 318.704 -370.8
2909 318.383 -370.9
2910 318.061 -371
2911 317.74 -371.1
2912 317.419 -371.2
2913 317.098 -371.3
2914 316.776 -371.4
2915 316.455 -371.5
2916 316.134 -371.6
2917 315.812 -371.7
2918 315.491 -371.8
2919 315.17 -371.9
2920 314.849 -372
2921 314.527 -372.1
2922 314.206 -372.2
2923 313.885 -372.3
2924 313.564 -372.4
2925 313.242 -372.5
2926 312.921 -372.6
2927 312.6 -372.7
2928 312.278 -372.8
2929 311.957 -372.9
2930 311.636 -373
2931 311.315 -373.1
2932 310.993 -373.2
2933 310.672 -373.3
2934 310.351 -373.4
2935 310.03 -373.5
2936 309.708 -373.6
2937 309.387 -373.7
2938 309.066 -373.8
2939 308.744 -373.9
2940 308.423 -374
2941 308.102 -374.1
2942 307.781 -374.2
2943 307.459 -374.3
2944 307.138 -374.4
2945 306.817 -374.5
2946 306.496 -374.6
2947 306.174 -374.7
2948 305.853 -374.8
2949 305.532 -374.9
2950 305.21 -375
2951 304.889 -375.1
2952 304.568 -375.2
2953 304.247 -375.3
2954 303.925 -375.4
2955 303.604 -375.5
2956 303.283 -375.6
2957 302.961 -375.7
2958 302.64 -375.8
2959 302.319 -375.9
2960 301.998 -376
2961 301.676 -376.1
2962 301.355 -376.2
2963 301.034 -376.3
2964 300.713 -376.4
2965 300.391 -376.5
2966 300.07 -376.6
2967 299.749 -376.7
2968 299.427 -376.8
2969 299.106 -376.9
2970 298.785 -377
2971 298.464 -377.1
2972 298.142 -377.2
2973 297.821 -377.3
2974 297.5 -377.4
2975 297.179 -377.5
2976 296.857 -377.6
2977 296.536 -377.7
2978 296.215 -377.8
2979 295.893 -377.9
2980 295.572 -378
2981 295.251 -378.1
2982 294.93 -378.2
2983 294.608 -378.3
2984 294.287 -378.4
2985 293.966 -378.5
2986 293.645 -378.6
2987 293.323 -378.7
2988 293.002 -378.8
2989 292.681 -378.9
2990 292.359 -379
2991 292.038 -379.1
2992 291.717 -379.2
2993 291.396 -379.3
2994 291.074 -379.4
2995 290.753 -379.5
2996 290.432 -379.6
2997 290.11 -379.7
2998 289.789 -379.8
2999 289.468 -379.9
3000 289.147 -380
3001 288.825 -380.1
3002 288.504 -380.2
3003 288.183 -380.3
3004 287.862 -380.4
3005 287.54 -380.5
3006 287.219 -380.6
3007 286.898 -380.7
3008 286.576 -380.8
3009 286.255 -380.9
3010 285.934 -381
3011 285.613 -381.1
3012 285.291 -381.2
3013 284.97 -381.3
3014 284.649 -381.4
3015 284.328 -381.5
3016 284.006 -381.6
3017 283.685 -381.7
3018 283.364 -381.8
3019 283.042 -381.9
3020 282.721 -382
3021 282.4 -382.1
3022 282.079 -382.2
3023 281.757 -382.3
3024 281.436 -382.4
3025 281.115 -382.5
3026 280.794 -382.6
3027 280.472 -382.7
3028 280.151 -382.8
3029 279.83 -382.9
3030 279.508 -383
3031 279.187 -383.1
3032 278.866 -383.2
3033 278.545 -383.3
3034 278.223 -383.4
3035 277.902 -383.5
3036 277.581 -383.6
3037 277.26 -383.7
3038 276.938 -383.8
3039 276.617 -383.9
3040 276.296 -384
3041 275.974 -384.1
3042 275.653 -384.2
3043 275.332 -384.3
3044 275.011 -384.4
3045 274.689 -384.5
3046 274.368 -384.6
3047 274.047 -384.7
3048 273.725 -384.8
3049 273.404 -384.9
3050 273.083 -385
3051 272.762 -385.1
3052 272.44 -385.2
3053 272.119 -385.3
3054 271.798 -385.4
3055 271.477 -385.5
3056 271.155 -385.6
3057 270.834 -385.7
3058 270.513 -385.8
3059 270.191 -385.9
3060 269.87 -386
3061 269.549 -386.1
3062 269.228 -386.2
3063 268.906 -386.3
3064 268.585 -386.4
3065 268.264 -386.5
3066 267.943 -386.6
3067 267.621 -386.7
3068 267.3 -386.8
3069 266.979 -386.9
3070 266.657 -387
3071 266.336 -387.1
3072 266.015 -387.2
3073 265.694 -387.3
3074 265.372 -387.4
3075 265.051 -387.5
3076 264.73 -387.6
3077 264.409 -387.7
3078 264.087 -387.8
3079 263.766 -387.9
3080 263.445 -388
3081 263.123 -388.1
3082 262.802 -388.2
3083 262.481 -388.3
3084 262.16 -388.4
3085 261.838 -388.5
3086 261.517 -388.6
3087 261.196 -388.7
3088 260.875 -388.8
3089 260.553 -388.9
3090 260.232 -389
3091 259.911 -389.1
3092 259.589 -389.2
3093 259.268 -389.3
3094 258.947 -389.4
3095 258.626 -389.5
3096 258.304 -389.6
3097 257.983 -389.7
3098 257.662 -389.8
3099 257.34 -389.9
3100 257.019 -390
3101 256.698 -390.1
3102 256.377 -390.2
3103 256.055 -390.3
3104 255.734 -390.4
3105 255.413 -390.5
3106 255.092 -390.6
3107 254.77 -390.7
3108 254.449 -390.8
3109 254.128 -390.9
3110 253.806 -391
3111 253.485 -391.1
3112 253.164 -391.2
3113 252.843 -391.3
3114 252.521 -391.4
3115 252.2 -391.5
3116 251.879 -391.6
3117 251.558 -391.7
3118 251.236 -391.8
3119 250.915 -391.9
3120 250.594 -392
3121 250.272 -392.1
3122 249.951 -392.2
3123 249.63 -392.3
3124 249.309 -392.4
3125 248.987 -392.5
3126 248.666 -392.6
3127 248.345 -392.7
3128 248.024 -392.8
3129 247.702 -392.9
3130 247.381 -393
3131 247.06 -393.1
3132 246.738 -393.2
3133 246.417 -393.3
3134 246.096 -393.4
3135 245.775 -393.5
3136 245.453 -393.6
3137 245.132 -393.7
3138 244.811 -393.8
3139 244.49 -393.9
3140 244.168 -394
3141 243.847 -394.1
3142 243.526 -394.2
3143 243.204 -394.3
3144 242.883 -394.4
3145 242.562 -394.5
3146 242.241 -394.6
3147 241.919 -394.7
3148 241.598 -394.8
3149 241.277 -394.9
3150 240.955 -395
3151 240.634 -395.1
3152 240.313 -395.2
3153 239.992 -395.3
3154 239.67 -395.4
3155 239.349 -395.5
3156 239.028 -395.6
3157 238.707 -395.7
3158 238.385 -395.8
3159 238.064 -395.9
3160 237.743 -396
3161 237.421 -396.1
3162 237.1 -396.2
3163 236.779 -396.3
3164 236.458 -396.4
3165 236.136 -396.5
3166 235.815 -396.6
3167 235.494 -396.7
3168 235.173 -396.8
3169 234.851 -396.9
3170 234.53 -397
3171 234.209 -397.1
3172 233.887 -397.2
3173 233.566 -397.3
3174 233.245 -397.4
3175 232.924 -397.5
3176 232.602 -397.6
3177 232.281 -397.7
3178 231.96 -397.8
3179 231.639 -397.9
3180 231.317 -398
3181 230.996 -398.1
3182 230.675 -398.2
3183 230.353 -398.3
3184 230.032 -398.4
3185 229.711 -398.5
3186 229.39 -398.6
3187 229.068 -398.7
3188 228.747 -398.8
3189 228.426 -398.9
3190 228.105 -399
3191 227.783 -399.1
3192 227.462 -399.2
3193 227.141 -399.3
3194 226.819 -399.4
3195 226.498 -399.5
3196 226.177 -399.6
3197 225.856 -399.7
3198 225.534 -399.8
3199 225.213 -399.9
3200 224.892 -400
3201 224.57 -400.1
3202 224.249 -400.2
3203 223.928 -400.3
3204 223.607 -400.4
3205 223.285 -400.5
3206 222.964 -400.6
3207 222.643 -400.7
3208 222.322 -400.8
3209 222 -400.9
3210 221.679 -401
3211 221.358 -401.1
3212 221.036 -401.2
3213 220.715 -401.3
3214 220.394 -401.4
3215 220.073 -401.5
3216 219.751 -401.6
3217 219.43 -401.7
3218 219.109 -401.8
3219 218.788 -401.9
3220 218.466 -402
3221 218.145 -402.1
3222 217.824 -402.2
3223 217.502 -402.3
3224 217.181 -402.4
3225 216.86 -402.5
3226 216.539 -402.6
3227 216.217 -402.7
3228 215.896 -402.8
3229 215.575 -402.9
3230 215.254 -403
3231 214.932 -403.1
3232 214.611 -403.2
3233 214.29 -403.3
3234 213.968 -403.4
3235 213.647 -403.5
3236 213.326 -403.6
3237 213.005 -403.7
3238 212.683 -403.8
3239 212.362 -403.9
3240 212.041 -404
3241 211.72 -404.1
3242 211.398 -404.2
3243 211.077 -404.3
3244 210.756 -404.4
3245 210.434 -404.5
3246 210.113 -404.6
3247 209.792 -404.7
3248 209.471 -404.8
3249 209.149 -404.9
3250 208.828 -405
3251 208.507 -405.1
3252 208.186 -405.2
3253 207.864 -405.3
3254 207.543 -405.4
3255 207.222 -405.5
3256 206.9 -405.6
3257 206.579 -405.7
3258 206.258 -405.8
3259 205.937 -405.9
3260 205.615 -406
3261 205.294 -406.1
3262 204.973 -406.2
3263 204.651 -406.3
3264 204.33 -406.4
3265 204.009 -406.5
3266 203.688 -406.6
3267 203.366 -406.7
3268 203.045 -406.8
3269 202.724 -406.9
3270 202.403 -407
3271 202.081 -407.1
3272 201.76 -407.2
3273 201.439 -407.3
3274 201.117 -407.4
3275 200.796 -407.5
3276 200.475 -407.6
3277 200.154 -407.7
3278 199.832 -407.8
3279 199.511 -407.9
3280 199.19 -408
3281 198.869 -408.1
3282 198.547 -408.2
3283 198.226 -408.3
3284 197.905 -408.4
3285 197.583 -408.5
3286 197.262 -408.6
3287 196.941 -408.7
3288 196.62 -408.8
3289 196.298 -408.9
3290 195.977 -409
3291 195.656 -409.1
3292 195.335 -409.2
3293 195.013 -409.3
3294 194.692 -409.4
3295 194.371 -409.5
3296 194.049 -409.6
3297 193.728 -409.7
3298 193.407 -409.8
3299 193.086 -409.9
3300 192.764 -410
3301 192.443 -410.1
3302 192.122 -410.2
3303 191.801 -410.3
3304 191.479 -410.4
3305 191.158 -410.5
3306 190.837 -410.6
3307 190.515 -410.7
3308 190.194 -410.8
3309 189.873 -410.9
3310 189.552 -411
3311 189.23 -411.1
3312 188.909 -411.2
3313 188.588 -411.3
3314 188.267 -411.4
3315 187.945 -411.5
3316 187.624 -411.6
3317 187.303 -411.7
3318 186.981 -411.8
3319 186.66 -411.9
3320 186.339 -412
3321 186.018 -412.1
3322 185.696 -412.2
3323 185.375 -412.3
3324 185.054 -412.4
3325 184.733 -412.5
3326 184.411 -412.6
3327 184.09 -412.7
3328 183.769 -412.8
3329 183.447 -412.9
3330 183.126 -413
3331 182.805 -413.1
3332 182.484 -413.2
3333 182.162 -413.3
3334 181.841 -413.4
3335 181.52 -413.5
3336 181.198 -413.6
3337 180.877 -413.7
3338 180.556 -413.8
3339 180.235 -413.9
3340 179.913 -414
3341 179.592 -414.1
3342 179.271 -414.2
3343 178.95 -414.3
3344 178.628 -414.4
3345 178.307 -414.5
3346 177.986 -414.6
3347 177.664 -414.7
3348 177.343 -414.8
3349 177.022 -414.9
3350 176.701 -415
3351 176.379 -415.1
3352 176.058 -415.2
3353 175.737 -415.3
3354 175.416 -415.4
3355 175.094 -415.5
3356 174.773 -415.6
3357 174.452 -415.7
3358 174.13 -415.8
3359 173.809 -415.9
3360 173.488 -416
3361 173.167 -416.1
3362 172.845 -416.2
3363 172.524 -416.3
3364 172.203 -416.4
3365 171.882 -416.5
3366 171.56 -416.6
3367 171.239 -416.7
3368 170.918 -416.8
3369 170.596 -416.9
3370 170.275 -417
3371 169.954 -417.1
3372 169.633 -417.2
3373 169.311 -417.3
3374 168.99 -417.4
3375 168.669 -417.5
3376 168.348 -417.6
3377 168.026 -417.7
3378 167.705 -417.8
3379 167.384 -417.9
3380 167.062 -418
3381 166.741 -418.1
3382 166.42 -418.2
3383 166.099 -418.3
3384 165.777 -418.4
3385 165.456 -418.5
3386 165.135 -418.6
3387 164.814 -418.7
3388 164.492 -418.8
3389 164.171 -418.9
3390 163.85 -419
3391 163.528 -419.1
3392 163.207 -419.2
3393 162.886 -419.3
3394 162.565 -419.4
3395 162.243 -419.5
3396 161.922 -419.6
3397 161.601 -419.7
3398 161.279 -419.8
3399 160.958 -419.9
3400 160.637 -420
3401 160.316 -420.1
3402 159.994 -420.2
3403 159.673 -420.3
3404 159.352 -420.4
3405 159.031 -420.5
3406 158.709 -420.6
3407 158.388 -420.7
3408 158.067 -420.8
3409 157.745 -420.9
3410 157.424 -421
3411 157.103 -421.1
3412 156.782 -421.2
3413 156.46 -421.3
3414 156.139 -421.4
3415 155.818 -421.5
3416 155.497 -421.6
3417 155.175 -421.7
3418 154.854 -421.8
3419 154.533 -421.9
3420 154.211 -422
3421 153.89 -422.1
3422 153.569 -422.2
3423 153.248 -422.3
3424 152.926 -422.4
3425 152.605 -422.5
3426 152.284 -422.6
3427 151.963 -422.7
3428 151.641 -422.8
3429 151.32 -422.9
3430 150.999 -423
3431 150.677 -423.1
3432 150.356 -423.2
3433 150.035 -423.3
3434 149.714 -423.4
3435 149.392 -423.5
3436 149.071 -423.6
3437 148.75 -423.7
3438 148.429 -423.8
3439 148.107 -423.9
3440 147.786 -424
3441 147.465 -424.1
3442 147.143 -424.2
3443 146.822 -424.3
3444 146.501 -424.4
3445 146.18 -424.5
3446 145.858 -424.6
3447 145.537 -424.7
3448 145.216 -424.8
3449 144.895 -424.9
3450 144.573 -425
3451 144.252 -425.1
3452 143.931 -425.2
3453 143.609 -425.3
3454 143.288 -425.4
3455 142.967 -425.5
3456 142.646 -425.6
3457 142.324 -425.7
3458 142.003 -425.8
3459 141.682 -425.9
3460 141.361 -426
3461 141.039 -426.1
3462 140.718 -426.2
3463 140.397 -426.3
3464 140.075 -426.4
3465 139.754 -426.5
3466 139.433 -426.6
3467 139.112 -426.7
3468 138.79 -426.8
3469 138.469 -426.9
3470 138.148 -427
3471 137.826 -427.1
3472 137.505 -427.2
3473 137.184 -427.3
3474 136.863 -427.4
3475 136.541 -427.5
3476 136.22 -427.6
3477 135.899 -427.7
3478 135.578 -427.8
3479 135.256 -427.9
3480 134.935 -428
3481 134.614 -428.1
3482 134.292 -428.2
3483 133.971 -428.3
3484 133.65 -428.4
3485 133.329 -428.5
3486 133.007 -428.6
3487 132.686 -428.7
3488 132.365 -428.8
3489 132.044 -428.9
3490 131.722 -429
3491 131.401 -429.1
3492 131.08 -429.2
3493 130.758 -429.3
3494 130.437 -429.4
3495 130.116 -429.5
3496 129.795 -429.6
3497 129.473 -429.7
3498 129.152 -429.8
3499 128.831 -429.9
3500 128.51 -430
3501 128.188 -430.1
3502 127.867 -430.2
3503 127.546 -430.3
3504 127.224 -430.4
3505 126.903 -430.5
3506 126.582 -430.6
3507 126.261 -430.7
3508 125.939 -430.8
3509 125.618 -430.9
3510 125.297 -431
3511 124.976 -431.1
3512 124.654 -431.2
3513 124.333 -431.3
3514 124.012 -431.4
3515 123.69 -431.5
3516 123.369 -431.6
3517 123.048 -431.7
3518 122.727 -431.8
3519 122.405 -431.9
3520 122.084 -432
3521 121.763 -432.1
3522 121.442 -432.2
3523 121.12 -432.3
3524 120.799 -432.4
3525 120.478 -432.5
3526 120.156 -432.6
3527 119.835 -432.7
3528 119.514 -432.8
3529 119.193 -432.9
3530 118.871 -433
3531 118.55 -433.1
3532 118.229 -433.2
3533 117.908 -433.3
3534 117.586 -433.4
3535 117.265 -433.5
3536 116.944 -433.6
3537 116.622 -433.7
3538 116.301 -433.8
3539 115.98 -433.9
3540 115.659 -434
3541 115.337 -434.1
3542 115.016 -434.2
3543 114.695 -434.3
3544 114.373 -434.4
3545 114.052 -434.5
3546 113.731 -434.6
3547 113.41 -434.7
3548 113.088 -434.8
3549 112.767 -434.9
3550 112.446 -435
3551 112.125 -435.1
3552 111.803 -435.2
3553 111.482 -435.3
3554 111.161 -435.4
3555 110.839 -435.5
3556 110.518 -435.6
3557 110.197 -435.7
3558 109.876 -435.8
3559 109.554 -435.9
3560 109.233 -436
3561 108.912 -436.1
3562 108.591 -436.2
3563 108.269 -436.3
3564 107.948 -436.4
3565 107.627 -436.5
3566 107.305 -436.6
3567 106.984 -436.7
3568 106.663 -436.8
3569 106.342 -436.9
3570 106.02 -437
3571 105.699 -437.1
3572 105.378 -437.2
3573 105.057 -437.3
3574 104.735 -437.4
3575 104.414 -437.5
3576 104.093 -437.6
3577 103.771 -437.7
3578 103.45 -437.8
3579 103.129 -437.9
3580 102.808 -438
3581 102.486 -438.1
3582 102.165 -438.2
3583 101.844 -438.3
3584 101.523 -438.4
3585 101.201 -438.5
3586 100.88 -438.6
3587 100.559 -438.7
3588 100.237 -438.8
3589 99.9162 -438.9
3590 99.5949 -439
3591 99.2736 -439.1
3592 98.9524 -439.2
3593 98.6311 -439.3
3594 98.3098 -439.4
3595 97.9885 -439.5
3596 97.6673 -439.6
3597 97.346 -439.7
3598 97.0247 -439.8
3599 96.7034 -439.9
3600 96.3822 -440
3601 96.0609 -440.1
3602 95.7396 -440.2
3603 95.4183 -440.3
3604 95.0971 -440.4
3605 94.7758 -440.5
3606 94.4545 -440.6
3607 94.1332 -440.7
3608 93.812 -440.8
3609 93.4907 -440.9
3610 93.1694 -441
3611 92.8481 -441.1
3612 92.5269 -441.2
3613 92.2056 -441.3
3614 91.8843 -441.4
3615 91.5631 -441.5
3616 91.2418 -441.6
3617 90.9205 -441.7
3618 90.5992 -441.8
3619 90.278 -441.9
3620 89.9567 -442
3621 89.6354 -442.1
3622 89.3141 -442.2
3623 88.9929 -442.3
3624 88.6716 -442.4
3625 88.3503 -442.5
3626 88.029 -442.6
3627 87.7078 -442.7
3628 87.3865 -442.8
3629 87.0652 -442.9
3630 86.7439 -443
3631 86.4227 -443.1
3632 86.1014 -443.2
3633 85.7801 -443.3
3634 85.4588 -443.4
3635 85.1376 -443.5
3636 84.8163 -443.6
3637 84.495 -443.7
3638 84.1738 -443.8
3639 83.8525 -443.9
3640 83.5312 -444
3641 83.2099 -444.1
3642 82.8887 -444.2
3643 82.5674 -444.3
3644 82.2461 -444.4
3645 81.9248 -444.5
3646 81.6036 -444.6
3647 81.2823 -444.7
3648 80.961 -444.8
3649 80.6397 -444.9
3650 80.3185 -445
3651 79.9972 -445.1
3652 79.6759 -445.2
3653 79.3546 -445.3
3654 79.0334 -445.4
3655 78.7121 -445.5
3656 78.3908 -445.6
3657 78.0695 -445.7
3658 77.7483 -445.8
3659 77.427 -445.9
3660 77.1057 -446
3661 76.7845 -446.1
3662 76.4632 -446.2
3663 76.1419 -446.3
3664 75.8206 -446.4
3665 75.4994 -446.5
3666 75.1781 -446.6
3667 74.8568 -446.7
3668 74.5355 -446.8
3669 74.2143 -446.9
3670 73.893 -447
3671 73.5717 -447.1
3672 73.2504 -447.2
3673 72.9292 -447.3
3674 72.6079 -447.4
3675 72.2866 -447.5
3676 71.9653 -447.6
3677 71.6441 -447.7
3678 71.3228 -447.8
3679 71.0015 -447.9
3680 70.6802 -448
3681 70.359 -448.1
3682 70.0377 -448.2
3683 69.7164 -448.3
3684 69.3952 -448.4
3685 69.0739 -448.5
3686 68.7526 -448.6
3687 68.4313 -448.7
3688 68.1101 -448.8
3689 67.7888 -448.9
3690 67.4675 -449
3691 67.1462 -449.1
3692 66.825 -449.2
3693 66.5037 -449.3
3694 66.1824 -449.4
3695 65.8611 -449.5
3696 65.5399 -449.6
3697 65.2186 -449.7
3698 64.8973 -449.8
3699 64.576 -449.9
3700 64.2548 -450
3701 63.9335 -450.1
3702 63.6122 -450.2
3703 63.2909 -450.3
3704 62.9697 -450.4
3705 62.6484 -450.5
3706 62.3271 -450.6
3707 62.0059 -450.7
3708 61.6846 -450.8
3709 61.3633 -450.9
3710 61.042 -451
3711 60.7208 -451.1
3712 60.3995 -451.2
3713 60.0782 -451.3
3714 59.7569 -451.4
3715 59.4357 -451.5
3716 59.1144 -451.6
3717 58.7931 -451.7
3718 58.4718 -451.8
3719 58.1506 -451.9
3720 57.8293 -452
3721 57.508 -452.1
3722 57.1867 -452.2
3723 56.8655 -452.3
3724 56.5442 -452.4
3725 56.2229 -452.5
3726 55.9016 -452.6
3727 55.5804 -452.7
3728 55.2591 -452.8
3729 54.9378 -452.9
3730 54.6166 -453
3731 54.2953 -453.1
3732 53.974 -453.2
3733 53.6527 -453.3
3734 53.3315 -453.4
3735 53.0102 -453.5
3736 52.6889 -453.6
3737 52.3676 -453.7
3738 52.0464 -453.8
3739 51.7251 -453.9
3740 51.4038 -454
3741 51.0825 -454.1
3742 50.7613 -454.2
3743 50.44 -454.3
3744 50.1187 -454.4
3745 49.7974 -454.5
3746 49.4762 -454.6
3747 49.1549 -454.7
3748 48.8336 -454.8
3749 48.5124 -454.9
3750 48.1911 -455
3751 47.8698 -455.1
3752 47.5485 -455.2
3753 47.2273 -455.3
3754 46.906 -455.4
3755 46.5847 -455.5
3756 46.2634 -455.6
3757 45.9422 -455.7
3758 45.6209 -455.8
3759 45.2996 -455.9
3760 44.9783 -456
3761 44.6571 -456.1
3762 44.3358 -456.2
3763 44.0145 -456.3
3764 43.6932 -456.4
3765 43.372 -456.5
3766 43.0507 -456.6
3767 42.7294 -456.7
3768 42.4081 -456.8
3769 42.0869 -456.9
3770 41.7656 -457
3771 41.4443 -457.1
3772 41.1231 -457.2
3773 40.8018 -457.3
3774 40.4805 -457.4
3775 40.1592 -457.5
3776 39.838 -457.6
3777 39.5167 -457.7
3778 39.1954 -457.8
3779 38.8741 -457.9
3780 38.5529 -458
3781 38.2316 -458.1
3782 37.9103 -458.2
3783 37.589 -458.3
3784 37.2678 -458.4
3785 36.9465 -458.5
3786 36.6252 -458.6
3787 36.3039 -458.7
3788 35.9827 -458.8
3789 35.6614 -458.9
3790 35.3401 -459
3791 35.0188 -459.1
3792 34.6976 -459.2
3793 34.3763 -459.3
3794 34.055 -459.4
3795 33.7338 -459.5
3796 33.4125 -459.6
3797 33.0912 -459.7
3798 32.7699 -459.8
3799 32.4487 -459.9
3800 32.1274 -460
3801 31.8061 -460.1
3802 31.4848 -460.2
3803 31.1636 -460.3
3804 30.8423 -460.4
3805 30.521 -460.5
3806 30.1997 -460.6
3807 29.8785 -460.7
3808 29.5572 -460.8
3809 29.2359 -460.9
3810 28.9146 -461
3811 28.5934 -461.1
3812 28.2721 -461.2
3813 27.9508 -461.3
3814 27.6296 -461.4
3815 27.3083 -461.5
3816 26.987 -461.6
3817 26.6657 -461.7
3818 26.3445 -461.8
3819 26.0232 -461.9
3820 25.7019 -462
3821 25.3806 -462.1
3822 25.0594 -462.2
3823 24.7381 -462.3
3824 24.4168 -462.4
3825 24.0955 -462.5
3826 23.7743 -462.6
3827 23.453 -462.7
3828 23.1317 -462.8
3829 22.8104 -462.9
3830 22.4892 -463
3831 22.1679 -463.1
3832 21.8466 -463.2
3833 21.5253 -463.3
3834 21.2041 -463.4
3835 20.8828 -463.5
3836 20.5615 -463.6
3837 20.2403 -463.7
3838 19.919 -463.8
3839 19.5977 -463.9
3840 19.2764 -464
3841 18.9552 -464.1
3842 18.6339 -464.2
3843 18.3126 -464.3
3844 17.9913 -464.4
3845 17.6701 -464.5
3846 17.3488 -464.6
3847 17.0275 -464.7
3848 16.7062 -464.8
3849 16.385 -464.9
3850 16.0637 -465
3851 15.7424 -465.1
3852 15.4211 -465.2
3853 15.0999 -465.3
3854 14.7786 -465.4
3855 14.4573 -465.5
3856 14.136 -465.6
3857 13.8148 -465.7
3858 13.4935 -465.8
3859 13.1722 -465.9
3860 12.851 -466
3861 12.5297 -466.1
3862 12.2084 -466.2
3863 11.8871 -466.3
3864 11.5659 -466.4
3865 11.2446 -466.5
3866 10.9233 -466.6
3867 10.602 -466.7
3868 10.2808 -466.8
3869 9.95949 -466.9
3870 9.63822 -467
3871 9.31694 -467.1
3872 8.99567 -467.2
3873 8.67439 -467.3
3874 8.35312 -467.4
3875 8.03185 -467.5
3876 7.71057 -467.6
3877 7.3893 -467.7
3878 7.06802 -467.8
3879 6.74675 -467.9
3880 6.42548 -468
3881 6.1042 -468.1
3882 5.78293 -468.2
3883 5.46166 -468.3
3884 5.14038 -468.4
3885 4.81911 -468.5
3886 4.49783 -468.6
3887 4.17656 -468.7
3888 3.85529 -468.8
3889 3.53401 -468.9
3890 3.21274 -469
3891 2.89146 -469.1
3892 2.57019 -469.2
3893 2.24892 -469.3
3894 1.92764 -469.4
3895 1.60637 -469.5
3896 1.2851 -469.6
3897 0.963822 -469.7
3898 0.642548 -469.8
3899 0.321274 -469.9
