0 564.949 -1
1 564.11 -0.9
2 563.196 -0.8
3 562.181 -0.7
4 561.023 -0.6
5 559.633 -0.5
6 557.763 -0.4
7 553.993 -0.319046
8 549.802 -0.419046
9 548.063 -0.519046
10 546.728 -0.619046
11 545.601 -0.719046
12 544.608 -0.819046
13 543.71 -0.919046
14 542.884 -1.01905
15 542.114 -1.11905
16 541.39 -1.21905
17 540.706 -1.31905
18 540.054 -1.41905
19 539.431 -1.51905
20 538.833 -1.61905
21 538.257 -1.71905
22 537.702 -1.81905
23 537.164 -1.91905
24 536.642 -2.01905
25 536.135 -2.11905
26 535.642 -2.21905
27 535.161 -2.31905
28 534.692 -2.41905
29 534.233 -2.51905
30 533.785 -2.61905
31 533.346 -2.71905
32 532.915 -2.81905
33 532.493 -2.91905
34 532.079 -3.01905
35 531.672 -3.11905
36 531.272 -3.21905
37 530.879 -3.31905
38 530.492 -3.41905
39 530.111 -3.51905
40 529.735 -3.61905
41 529.365 -3.71905
42 529 -3.81905
43 528.64 -3.91905
44 528.285 -4.01905
45 527.934 -4.11905
46 527.588 -4.21905
47 527.246 -4.31905
48 526.908 -4.41905
49 526.573 -4.51905
50 526.243 -4.61905
51 525.916 -4.71905
52 525.593 -4.81905
53 525.273 -4.91905
54 524.956 -5.01905
55 524.642 -5.11905
56 524.332 -5.21905
57 524.024 -5.31905
58 523.719 -5.41905
59 523.417 -5.51905
60 523.118 -5.61905
61 522.821 -5.71905
62 522.527 -5.81905
63 522.236 -5.91905
64 521.946 -6.01905
65 521.66 -6.11905
66 521.375 -6.21905
67 521.093 -6.31905
68 520.812 -6.41905
69 520.534 -6.51905
70 520.258 -6.61905
71 519.984 -6.71905
72 519.712 -6.81905
73 519.442 -6.91905
74 519.173 -7.01905
75 518.907 -7.11905
76 518.642 -7.21905
77 518.379 -7.31905
78 518.118 -7.41905
79 517.858 -7.51905
80 517.6 -7.61905
81 517.344 -7.71905
82 517.089 -7.81905
83 516.836 -7.91905
84 516.584 -8.01905
85 516.333 -8.11905
86 516.085 -8.21905
87 515.837 -8.31905
88 515.591 -8.41905
89 515.346 -8.51905
90 515.103 -8.61905
91 514.86 -8.71905
92 514.62 -8.81905
93 514.38 -8.91905
94 514.142 -9.01905
95 513.904 -9.11905
96 513.668 -9.21905
97 513.434 -9.31905
98 513.2 -9.41905
99 512.967 -9.51905
100 512.736 -9.61905
101 512.506 -9.71905
102 512.276 -9.81905
103 512.048 -9.91905
104 511.821 -10.019
105 511.595 -10.119
106 511.369 -10.219
107 511.145 -10.319
108 510.922 -10.419
109 510.7 -10.519
110 510.478 -10.619
111 510.258 -10.719
112 510.039 -10.819
113 509.82 -10.919
114 509.602 -11.019
115 509.385 -11.119
116 509.169 -11.219
117 508.954 -11.319
118 508.74 -11.419
119 508.527 -11.519
120 508.314 -11.619
121 508.102 -11.719
122 507.891 -11.819
123 507.681 -11.919
124 507.471 -12.019
125 507.262 -12.119
126 507.054 -12.219
127 506.847 -12.319
128 506.64 -12.419
129 506.434 -12.519
130 506.229 -12.619
131 506.025 -12.719
132 505.821 -12.819
133 505.618 -12.919
134 505.416 -13.019
135 505.214 -13.119
136 505.013 -13.219
137 504.812 -13.319
138 504.612 -13.419
139 504.413 -13.519
140 504.215 -13.619
141 504.017 -13.719
142 503.819 -13.819
143 503.622 -13.919
144 503.426 -14.019
145 503.231 -14.119
146 503.036 -14.219
147 502.841 -14.319
148 502.647 -14.419
149 502.454 -14.519
150 502.261 -14.619
151 502.069 -14.719
152 501.877 -14.819
153 501.686 -14.919
154 501.495 -15.019
155 501.305 -15.119
156 501.116 -15.219
157 500.927 -15.319
158 500.738 -15.419
159 500.55 -15.519
160 500.362 -15.619
161 500.175 -15.719
162 499.989 -15.819
163 499.802 -15.919
164 499.617 -16.019
165 499.431 -16.119
166 499.247 -16.219
167 499.062 -16.319
168 498.879 -16.419
169 498.695 -16.519
170 498.512 -16.619
171 498.33 -16.719
172 498.148 -16.819
173 497.966 -16.919
174 497.785 -17.019
175 497.604 -17.119
176 497.423 -17.219
177 497.243 -17.319
178 497.064 -17.419
179 496.885 -17.519
180 496.706 -17.619
181 496.528 -17.719
182 496.35 -17.819
183 496.172 -17.919
184 495.995 -18.019
185 495.818 -18.119
186 495.642 -18.219
187 495.465 -18.319
188 495.29 -18.419
189 495.114 -18.519
190 494.939 -18.619
191 494.765 -18.719
192 494.591 -18.819
193 494.417 -18.919
194 494.243 -19.019
195 494.07 -19.119
196 493.897 -19.219
197 493.724 -19.319
198 493.552 -19.419
199 493.38 -19.519
200 493.209 -19.619
201 493.038 -19.719
202 492.867 -19.819
203 492.696 -19.919
204 492.526 -20.019
205 492.356 -20.119
206 492.187 -20.219
207 492.017 -20.319
208 491.848 -20.419
209 491.68 -20.519
210 491.511 -20.619
211 491.343 -20.719
212 491.176 -20.819
213 491.008 -20.919
214 490.841 -21.019
215 490.674 -21.119
216 490.508 -21.219
217 490.341 -21.319
218 490.175 -21.419
219 490.01 -21.519
220 489.844 -21.619
221 489.679 -21.719
222 489.514 -21.819
223 489.349 -21.919
224 489.185 -22.019
225 489.021 -22.119
226 488.857 -22.219
227 488.694 -22.319
228 488.53 -22.419
229 488.367 -22.519
230 488.204 -22.619
231 488.042 -22.719
232 487.88 -22.819
233 487.718 -22.919
234 487.556 -23.019
235 487.394 -23.119
236 487.233 -23.219
237 487.072 -23.319
238 486.911 -23.419
239 486.751 -23.519
240 486.591 -23.619
241 486.43 -23.719
242 486.271 -23.819
243 486.111 -23.919
244 485.952 -24.019
245 485.793 -24.119
246 485.634 -24.219
247 485.475 -24.319
248 485.316 -24.419
249 485.158 -24.519
250 485 -24.619
251 484.842 -24.719
252 484.685 -24.819
253 484.528 -24.919
254 484.37 -25.019
255 484.213 -25.119
256 484.057 -25.219
257 483.9 -25.319
258 483.744 -25.419
259 483.588 -25.519
260 483.432 -25.619
261 483.276 -25.719
262 483.121 -25.819
263 482.965 -25.919
264 482.81 -26.019
265 482.656 -26.119
266 482.501 -26.219
267 482.346 -26.319
268 482.192 -26.419
269 482.038 -26.519
270 481.884 -26.619
271 481.73 -26.719
272 481.577 -26.819
273 481.423 -26.919
274 481.27 -27.019
275 481.117 -27.119
276 480.965 -27.219
277 480.812 -27.319
278 480.66 -27.419
279 480.507 -27.519
280 480.355 -27.619
281 480.203 -27.719
282 480.052 -27.819
283 479.9 -27.919
284 479.749 -28.019
285 479.598 -28.119
286 479.447 -28.219
287 479.296 -28.319
288 479.145 -28.419
289 478.995 -28.519
290 478.844 -28.619
291 478.694 -28.719
292 478.544 -28.819
293 478.394 -28.919
294 478.244 -29.019
295 478.095 -29.119
296 477.946 -29.219
297 477.796 -29.319
298 477.647 -29.419
299 477.498 -29.519
300 477.35 -29.619
301 477.201 -29.719
302 477.053 -29.819
303 476.904 -29.919
304 476.756 -30.019
305 476.608 -30.119
306 476.461 -30.219
307 476.313 -30.319
308 476.165 -30.419
309 476.018 -30.519
310 475.871 -30.619
311 475.724 -30.719
312 475.577 -30.819
313 475.43 -30.919
314 475.283 -31.019
315 475.137 -31.119
316 474.991 -31.219
317 474.844 -31.319
318 474.698 -31.419
319 474.552 -31.519
320 474.407 -31.619
321 474.261 -31.719
322 474.115 -31.819
323 473.97 -31.919
324 473.825 -32.019
325 473.68 -32.119
326 473.535 -32.219
327 473.39 -32.319
328 473.245 -32.419
329 473.101 -32.519
330 472.956 -32.619
331 472.812 -32.719
332 472.668 -32.819
333 472.523 -32.919
334 472.379 -33.019
335 472.236 -33.119
336 472.092 -33.219
337 471.948 -33.319
338 471.805 -33.419
339 471.662 -33.519
340 471.518 -33.619
341 471.375 -33.719
342 471.232 -33.819
343 471.09 -33.919
344 470.947 -34.019
345 470.804 -34.119
346 470.662 -34.219
347 470.519 -34.319
348 470.377 -34.419
349 470.235 -34.519
350 470.093 -34.619
351 469.951 -34.719
352 469.809 -34.819
353 469.668 -34.919
354 469.526 -35.019
355 469.385 -35.119
356 469.243 -35.219
357 469.102 -35.319
358 468.961 -35.419
359 468.82 -35.519
360 468.679 -35.619
361 468.538 -35.719
362 468.398 -35.819
363 468.257 -35.919
364 468.117 -36.019
365 467.976 -36.119
366 467.836 -36.219
367 467.696 -36.319
368 467.556 -36.419
369 467.416 -36.519
370 467.276 -36.619
371 467.136 -36.719
372 466.997 -36.819
373 466.857 -36.919
374 466.718 -37.019
375 466.578 -37.119
376 466.439 -37.219
377 466.3 -37.319
378 466.161 -37.419
379 466.022 -37.519
380 465.883 -37.619
381 465.744 -37.719
382 465.606 -37.819
383 465.467 -37.919
384 465.329 -38.019
385 465.19 -38.119
386 465.052 -38.219
387 464.914 -38.319
388 464.776 -38.419
389 464.638 -38.519
390 464.5 -38.619
391 464.362 -38.719
392 464.224 -38.819
393 464.087 -38.919
394 463.949 -39.019
395 463.812 -39.119
396 463.674 -39.219
397 463.537 -39.319
398 463.4 -39.419
399 463.263 -39.519
400 463.126 -39.619
401 462.989 -39.719
402 462.852 -39.819
403 462.715 -39.919
404 462.579 -40.019
405 462.442 -40.119
406 462.306 -40.219
407 462.169 -40.319
408 462.033 -40.419
409 461.897 -40.519
410 461.761 -40.619
411 461.625 -40.719
412 461.489 -40.819
413 461.353 -40.919
414 461.217 -41.019
415 461.081 -41.119
416 460.945 -41.219
417 460.81 -41.319
418 460.674 -41.419
419 460.539 -41.519
420 460.404 -41.619
421 460.268 -41.719
422 460.133 -41.819
423 459.998 -41.919
424 459.863 -42.019
425 459.728 -42.119
426 459.593 -42.219
427 459.458 -42.319
428 459.324 -42.419
429 459.189 -42.519
430 459.054 -42.619
431 458.92 -42.719
432 458.785 -42.819
433 458.651 -42.919
434 458.517 -43.019
435 458.383 -43.119
436 458.249 -43.219
437 458.114 -43.319
438 457.98 -43.419
439 457.847 -43.519
440 457.713 -43.619
441 457.579 -43.719
442 457.445 -43.819
443 457.312 -43.919
444 457.178 -44.019
445 457.045 -44.119
446 456.911 -44.219
447 456.778 -44.319
448 456.644 -44.419
449 456.511 -44.519
450 456.378 -44.619
451 456.245 -44.719
452 456.112 -44.819
453 455.979 -44.919
454 455.846 -45.019
455 455.713 -45.119
456 455.581 -45.219
457 455.448 -45.319
458 455.315 -45.419
459 455.183 -45.519
460 455.05 -45.619
461 454.918 -45.719
462 454.785 -45.819
463 454.653 -45.919
464 454.521 -46.019
465 454.389 -46.119
466 454.257 -46.219
467 454.124 -46.319
468 453.992 -46.419
469 453.861 -46.519
470 453.729 -46.619
471 453.597 -46.719
472 453.465 -46.819
473 453.333 -46.919
474 453.202 -47.019
475 453.07 -47.119
476 452.939 -47.219
477 452.807 -47.319
478 452.676 -47.419
479 452.545 -47.519
480 452.413 -47.619
481 452.282 -47.719
482 452.151 -47.819
483 452.02 -47.919
484 451.889 -48.019
485 451.758 -48.119
486 451.627 -48.219
487 451.496 -48.319
488 451.365 -48.419
489 451.234 -48.519
490 451.104 -48.619
491 450.973 -48.719
492 450.842 -48.819
493 450.712 -48.919
494 450.581 -49.019
495 450.451 -49.119
496 450.321 -49.219
497 450.19 -49.319
498 450.06 -49.419
499 449.93 -49.519
500 449.8 -49.619
501 449.67 -49.719
502 449.54 -49.819
503 449.41 -49.919
504 449.28 -50.019
505 449.15 -50.119
506 449.02 -50.219
507 448.89 -50.319
508 448.76 -50.419
509 448.631 -50.519
510 448.501 -50.619
511 448.371 -50.719
512 448.242 -50.819
513 448.112 -50.919
514 447.983 -51.019
515 447.854 -51.119
516 447.724 -51.219
517 447.595 -51.319
518 447.466 -51.419
519 447.336 -51.519
520 447.207 -51.619
521 447.078 -51.719
522 446.949 -51.819
523 446.82 -51.919
524 446.691 -52.019
525 446.562 -52.119
526 446.433 -52.219
527 446.305 -52.319
528 446.176 -52.419
529 446.047 -52.519
530 445.918 -52.619
531 445.79 -52.719
532 445.661 -52.819
533 445.533 -52.919
534 445.404 -53.019
535 445.276 -53.119
536 445.147 -53.219
537 445.019 -53.319
538 444.891 -53.419
539 444.762 -53.519
540 444.634 -53.619
541 444.506 -53.719
542 444.378 -53.819
543 444.25 -53.919
544 444.122 -54.019
545 443.994 -54.119
546 443.866 -54.219
547 443.738 -54.319
548 443.61 -54.419
549 443.482 -54.519
550 443.354 -54.619
551 443.227 -54.719
552 443.099 -54.819
553 442.971 -54.919
554 442.844 -55.019
555 442.716 -55.119
556 442.589 -55.219
557 442.461 -55.319
558 442.334 -55.419
559 442.206 -55.519
560 442.079 -55.619
561 441.951 -55.719
562 441.824 -55.819
563 441.697 -55.919
564 441.57 -56.019
565 441.442 -56.119
566 441.315 -56.219
567 441.188 -56.319
568 441.061 -56.419
569 440.934 -56.519
570 440.807 -56.619
571 440.68 -56.719
572 440.553 -56.819
573 440.426 -56.919
574 440.3 -57.019
575 440.173 -57.119
576 440.046 -57.219
577 439.919 -57.319
578 439.793 -57.419
579 439.666 -57.519
580 439.539 -57.619
581 439.413 -57.719
582 439.286 -57.819
583 439.16 -57.919
584 439.033 -58.019
585 438.907 -58.119
586 438.781 -58.219
587 438.654 -58.319
588 438.528 -58.419
589 438.402 -58.519
590 438.275 -58.619
591 438.149 -58.719
592 438.023 -58.819
593 437.897 -58.919
594 437.771 -59.019
595 437.645 -59.119
596 437.519 -59.219
597 437.393 -59.319
598 437.267 -59.419
599 437.141 -59.519
600 437.015 -59.619
601 436.889 -59.719
602 436.763 -59.819
603 436.637 -59.919
604 436.512 -60.019
605 436.386 -60.119
606 436.26 -60.219
607 436.134 -60.319
608 436.009 -60.419
609 435.883 -60.519
610 435.758 -60.619
611 435.632 -60.719
612 435.507 -60.819
613 435.381 -60.919
614 435.256 -61.019
615 435.13 -61.119
616 435.005 -61.219
617 434.88 -61.319
618 434.754 -61.419
619 434.629 -61.519
620 434.504 -61.619
621 434.379 -61.719
622 434.253 -61.819
623 434.128 -61.919
624 434.003 -62.019
625 433.878 -62.119
626 433.753 -62.219
627 433.628 -62.319
628 433.503 -62.419
629 433.378 -62.519
630 433.253 -62.619
631 433.128 -62.719
632 433.003 -62.819
633 432.878 -62.919
634 432.753 -63.019
635 432.629 -63.119
636 432.504 -63.219
637 432.379 -63.319
638 432.254 -63.419
639 432.13 -63.519
640 432.005 -63.619
641 431.88 -63.719
642 431.756 -63.819
643 431.631 -63.919
644 431.507 -64.019
645 431.382 -64.119
646 431.258 -64.219
647 431.133 -64.319
648 431.009 -64.419
649 430.884 -64.519
650 430.76 -64.619
651 430.636 -64.719
652 430.511 -64.819
653 430.387 -64.919
654 430.263 -65.019
655 430.139 -65.119
656 430.014 -65.219
657 429.89 -65.319
658 429.766 -65.419
659 429.642 -65.519
660 429.518 -65.619
661 429.394 -65.719
662 429.27 -65.819
663 429.146 -65.919
664 429.022 -66.019
665 428.898 -66.119
666 428.774 -66.219
667 428.65 -66.319
668 428.526 -66.419
669 428.402 -66.519
670 428.278 -66.619
671 428.154 -66.719
672 428.031 -66.819
673 427.907 -66.919
674 427.783 -67.019
675 427.659 -67.119
676 427.536 -67.219
677 427.412 -67.319
678 427.288 -67.419
679 427.165 -67.519
680 427.041 -67.619
681 426.917 -67.719
682 426.794 -67.819
683 426.67 -67.919
684 426.547 -68.019
685 426.423 -68.119
686 426.3 -68.219
687 426.176 -68.319
688 426.053 -68.419
689 425.93 -68.519
690 425.806 -68.619
691 425.683 -68.719
692 425.56 -68.819
693 425.436 -68.919
694 425.313 -69.019
695 425.19 -69.119
696 425.067 -69.219
697 424.943 -69.319
698 424.82 -69.419
699 424.697 -69.519
700 424.574 -69.619
701 424.451 -69.719
702 424.328 -69.819
703 424.205 -69.919
704 424.082 -70.019
705 423.958 -70.119
706 423.835 -70.219
707 423.712 -70.319
708 423.59 -70.419
709 423.467 -70.519
710 423.344 -70.619
711 423.221 -70.719
712 423.098 -70.819
713 422.975 -70.919
714 422.852 -71.019
715 422.729 -71.119
716 422.607 -71.219
717 422.484 -71.319
718 422.361 -71.419
719 422.238 -71.519
720 422.116 -71.619
721 421.993 -71.719
722 421.87 -71.819
723 421.748 -71.919
724 421.625 -72.019
725 421.502 -72.119
726 421.38 -72.219
727 421.257 -72.319
728 421.135 -72.419
729 421.012 -72.519
730 420.89 -72.619
731 420.767 -72.719
732 420.645 -72.819
733 420.522 -72.919
734 420.4 -73.019
735 420.277 -73.119
736 420.155 -73.219
737 420.033 -73.319
738 419.91 -73.419
739 419.788 -73.519
740 419.665 -73.619
741 419.543 -73.719
742 419.421 -73.819
743 419.299 -73.919
744 419.176 -74.019
745 419.054 -74.119
746 418.932 -74.219
747 418.81 -74.319
748 418.688 -74.419
749 418.565 -74.519
750 418.443 -74.619
751 418.321 -74.719
752 418.199 -74.819
753 418.077 -74.919
754 417.955 -75.019
755 417.833 -75.119
756 417.711 -75.219
757 417.589 -75.319
758 417.467 -75.419
759 417.345 -75.519
760 417.223 -75.619
761 417.101 -75.719
762 416.979 -75.819
763 416.857 -75.919
764 416.735 -76.019
765 416.613 -76.119
766 416.492 -76.219
767 416.37 -76.319
768 416.248 -76.419
769 416.126 -76.519
770 416.004 -76.619
771 415.883 -76.719
772 415.761 -76.819
773 415.639 -76.919
774 415.517 -77.019
775 415.396 -77.119
776 415.274 -77.219
777 415.152 -77.319
778 415.031 -77.419
779 414.909 -77.519
780 414.787 -77.619
781 414.666 -77.719
782 414.544 -77.819
783 414.423 -77.919
784 414.301 -78.019
785 414.18 -78.119
786 414.058 -78.219
787 413.936 -78.319
788 413.815 -78.419
789 413.693 -78.519
790 413.572 -78.619
791 413.451 -78.719
792 413.329 -78.819
793 413.208 -78.919
794 413.086 -79.019
795 412.965 -79.119
796 412.844 -79.219
797 412.722 -79.319
798 412.601 -79.419
799 412.48 -79.519
800 412.358 -79.619
801 412.237 -79.719
802 412.116 -79.819
803 411.994 -79.919
804 411.873 -80.019
805 411.752 -80.119
806 411.631 -80.219
807 411.509 -80.319
808 411.388 -80.419
809 411.267 -80.519
810 411.146 -80.619
811 411.025 -80.719
812 410.904 -80.819
813 410.783 -80.919
814 410.661 -81.019
815 410.54 -81.119
816 410.419 -81.219
817 410.298 -81.319
818 410.177 -81.419
819 410.056 -81.519
820 409.935 -81.619
821 409.814 -81.719
822 409.693 -81.819
823 409.572 -81.919
824 409.451 -82.019
825 409.33 -82.119
826 409.209 -82.219
827 409.088 -82.319
828 408.967 -82.419
829 408.846 -82.519
830 408.726 -82.619
831 408.605 -82.719
832 408.484 -82.819
833 408.363 -82.919
834 408.242 -83.019
835 408.121 -83.119
836 408 -83.219
837 407.88 -83.319
838 407.759 -83.419
839 407.638 -83.519
840 407.517 -83.619
841 407.397 -83.719
842 407.276 -83.819
843 407.155 -83.919
844 407.034 -84.019
845 406.914 -84.119
846 406.793 -84.219
847 406.672 -84.319
848 406.552 -84.419
849 406.431 -84.519
850 406.31 -84.619
851 406.19 -84.719
852 406.069 -84.819
853 405.949 -84.919
854 405.828 -85.019
855 405.707 -85.119
856 405.587 -85.219
857 405.466 -85.319
858 405.346 -85.419
859 405.225 -85.519
860 405.105 -85.619
861 404.984 -85.719
862 404.864 -85.819
863 404.743 -85.919
864 404.623 -86.019
865 404.502 -86.119
866 404.382 -86.219
867 404.261 -86.319
868 404.141 -86.419
869 404.021 -86.519
870 403.9 -86.619
871 403.78 -86.719
872 403.659 -86.819
873 403.539 -86.919
874 403.419 -87.019
875 403.298 -87.119
876 403.178 -87.219
877 403.058 -87.319
878 402.937 -87.419
879 402.817 -87.519
880 402.697 -87.619
881 402.577 -87.719
882 402.456 -87.819
883 402.336 -87.919
884 402.216 -88.019
885 402.096 -88.119
886 401.975 -88.219
887 401.855 -88.319
888 401.735 -88.419
889 401.615 -88.519
890 401.494 -88.619
891 401.374 -88.719
892 401.254 -88.819
893 401.134 -88.919
894 401.014 -89.019
895 400.894 -89.119
896 400.774 -89.219
897 400.654 -89.319
898 400.533 -89.419
899 400.413 -89.519
900 400.293 -89.619
901 400.173 -89.719
902 400.053 -89.819
903 399.933 -89.919
904 399.813 -90.019
905 399.693 -90.119
906 399.573 -90.219
907 399.453 -90.319
908 399.333 -90.419
909 399.213 -90.519
910 399.093 -90.619
911 398.973 -90.719
912 398.853 -90.819
913 398.733 -90.919
914 398.613 -91.019
915 398.493 -91.119
916 398.373 -91.219
917 398.253 -91.319
918 398.133 -91.419
919 398.014 -91.519
920 397.894 -91.619
921 397.774 -91.719
922 397.654 -91.819
923 397.534 -91.919
924 397.414 -92.019
925 397.294 -92.119
926 397.175 -92.219
927 397.055 -92.319
928 396.935 -92.419
929 396.815 -92.519
930 396.695 -92.619
931 396.576 -92.719
932 396.456 -92.819
933 396.336 -92.919
934 396.216 -93.019
935 396.097 -93.119
936 395.977 -93.219
937 395.857 -93.319
938 395.737 -93.419
939 395.618 -93.519
940 395.498 -93.619
941 395.378 -93.719
942 395.259 -93.819
943 395.139 -93.919
944 395.019 -94.019
945 394.9 -94.119
946 394.78 -94.219
947 394.66 -94.319
948 394.541 -94.419
949 394.421 -94.519
950 394.301 -94.619
951 394.182 -94.719
952 394.062 -94.819
953 393.943 -94.919
954 393.823 -95.019
955 393.703 -95.119
956 393.584 -95.219
957 393.464 -95.319
958 393.345 -95.419
959 393.225 -95.519
960 393.106 -95.619
961 392.986 -95.719
962 392.867 -95.819
963 392.747 -95.919
964 392.627 -96.019
965 392.508 -96.119
966 392.388 -96.219
967 392.269 -96.319
968 392.15 -96.419
969 392.03 -96.519
970 391.911 -96.619
971 391.791 -96.719
972 391.672 -96.819
973 391.552 -96.919
974 391.433 -97.019
975 391.313 -97.119
976 391.194 -97.219
977 391.075 -97.319
978 390.955 -97.419
979 390.836 -97.519
980 390.716 -97.619
981 390.597 -97.719
982 390.478 -97.819
983 390.358 -97.919
984 390.239 -98.019
985 390.12 -98.119
986 390 -98.219
987 389.881 -98.319
988 389.762 -98.419
989 389.642 -98.519
990 389.523 -98.619
991 389.404 -98.719
992 389.284 -98.819
993 389.165 -98.919
994 389.046 -99.019
995 388.927 -99.119
996 388.807 -99.219
997 388.688 -99.319
998 388.569 -99.419
999 388.449 -99.519
1000 388.33 -99.619
1001 388.211 -99.719
1002 388.092 -99.819
1003 387.973 -99.919
1004 387.853 -100.019
1005 387.734 -100.119
1006 387.615 -100.219
1007 387.496 -100.319
1008 387.377 -100.419
1009 387.257 -100.519
1010 387.138 -100.619
1011 387.019 -100.719
1012 386.9 -100.819
1013 386.781 -100.919
1014 386.662 -101.019
1015 386.542 -101.119
1016 386.423 -101.219
1017 386.304 -101.319
1018 386.185 -101.419
1019 386.066 -101.519
1020 385.947 -101.619
1021 385.828 -101.719
1022 385.709 -101.819
1023 385.59 -101.919
1024 385.47 -102.019
1025 385.351 -102.119
1026 385.232 -102.219
1027 385.113 -102.319
1028 384.994 -102.419
1029 384.875 -102.519
1030 384.756 -102.619
1031 384.637 -102.719
1032 384.518 -102.819
1033 384.399 -102.919
1034 384.28 -103.019
1035 384.161 -103.119
1036 384.042 -103.219
1037 383.923 -103.319
1038 383.804 -103.419
1039 383.685 -103.519
1040 383.566 -103.619
1041 383.447 -103.719
1042 383.328 -103.819
1043 383.209 -103.919
1044 383.09 -104.019
1045 382.971 -104.119
1046 382.852 -104.219
1047 382.733 -104.319
1048 382.614 -104.419
1049 382.495 -104.519
1050 382.376 -104.619
1051 382.258 -104.719
1052 382.139 -104.819
1053 382.02 -104.919
1054 381.901 -105.019
1055 381.782 -105.119
1056 381.663 -105.219
1057 381.544 -105.319
1058 381.425 -105.419
1059 381.306 -105.519
1060 381.187 -105.619
1061 381.069 -105.719
1062 380.95 -105.819
1063 380.831 -105.919
1064 380.712 -106.019
1065 380.593 -106.119
1066 380.474 -106.219
1067 380.356 -106.319
1068 380.237 -106.419
1069 380.118 -106.519
1070 379.999 -106.619
1071 379.88 -106.719
1072 379.761 -106.819
1073 379.643 -106.919
1074 379.524 -107.019
1075 379.405 -107.119
1076 379.286 -107.219
1077 379.168 -107.319
1078 379.049 -107.419
1079 378.93 -107.519
1080 378.811 -107.619
1081 378.692 -107.719
1082 378.574 -107.819
1083 378.455 -107.919
1084 378.336 -108.019
1085 378.217 -108.119
1086 378.099 -108.219
1087 377.98 -108.319
1088 377.861 -108.419
1089 377.743 -108.519
1090 377.624 -108.619
1091 377.505 -108.719
1092 377.386 -108.819
1093 377.268 -108.919
1094 377.149 -109.019
1095 377.03 -109.119
1096 376.912 -109.219
1097 376.793 -109.319
1098 376.674 -109.419
1099 376.556 -109.519
1100 376.437 -109.619
1101 376.318 -109.719
1102 376.2 -109.819
1103 376.081 -109.919
1104 375.962 -110.019
1105 375.844 -110.119
1106 375.725 -110.219
1107 375.606 -110.319
1108 375.488 -110.419
1109 375.369 -110.519
1110 375.251 -110.619
1111 375.132 -110.719
1112 375.013 -110.819
1113 374.895 -110.919
1114 374.776 -111.019
1115 374.658 -111.119
1116 374.539 -111.219
1117 374.42 -111.319
1118 374.302 -111.419
1119 374.183 -111.519
1120 374.065 -111.619
1121 373.946 -111.719
1122 373.827 -111.819
1123 373.709 -111.919
1124 373.59 -112.019
1125 373.472 -112.119
1126 373.353 -112.219
1127 373.235 -112.319
1128 373.116 -112.419
1129 372.998 -112.519
1130 372.879 -112.619
1131 372.761 -112.719
1132 372.642 -112.819
1133 372.524 -112.919
1134 372.405 -113.019
1135 372.286 -113.119
1136 372.168 -113.219
1137 372.049 -113.319
1138 371.931 -113.419
1139 371.812 -113.519
1140 371.694 -113.619
1141 371.576 -113.719
1142 371.457 -113.819
1143 371.339 -113.919
1144 371.22 -114.019
1145 371.102 -114.119
1146 370.983 -114.219
1147 370.865 -114.319
1148 370.746 -114.419
1149 370.628 -114.519
1150 370.509 -114.619
1151 370.391 -114.719
1152 370.272 -114.819
1153 370.154 -114.919
1154 370.036 -115.019
1155 369.917 -115.119
1156 369.799 -115.219
1157 369.68 -115.319
1158 369.562 -115.419
1159 369.443 -115.519
1160 369.325 -115.619
1161 369.207 -115.719
1162 369.088 -115.819
1163 368.97 -115.919
1164 368.851 -116.019
1165 368.733 -116.119
1166 368.615 -116.219
1167 368.496 -116.319
1168 368.378 -116.419
1169 368.259 -116.519
1170 368.141 -116.619
1171 368.023 -116.719
1172 367.904 -116.819
1173 367.786 -116.919
1174 367.668 -117.019
1175 367.549 -117.119
1176 367.431 -117.219
1177 367.313 -117.319
1178 367.194 -117.419
1179 367.076 -117.519
1180 366.958 -117.619
1181 366.839 -117.719
1182 366.721 -117.819
1183 366.603 -117.919
1184 366.484 -118.019
1185 366.366 -118.119
1186 366.248 -118.219
1187 366.129 -118.319
1188 366.011 -118.419
1189 365.893 -118.519
1190 365.774 -118.619
1191 365.656 -118.719
1192 365.538 -118.819
1193 365.419 -118.919
1194 365.301 -119.019
1195 365.183 -119.119
1196 365.065 -119.219
1197 364.946 -119.319
1198 364.828 -119.419
1199 364.71 -119.519
1200 364.592 -119.619
1201 364.473 -119.719
1202 364.355 -119.819
1203 364.237 -119.919
1204 364.118 -120.019
1205 364 -120.119
1206 363.882 -120.219
1207 363.764 -120.319
1208 363.645 -120.419
1209 363.527 -120.519
1210 363.409 -120.619
1211 363.291 -120.719
1212 363.173 -120.819
1213 363.054 -120.919
1214 362.936 -121.019
1215 362.818 -121.119
1216 362.7 -121.219
1217 362.581 -121.319
1218 362.463 -121.419
1219 362.345 -121.519
1220 362.227 -121.619
1221 362.109 -121.719
1222 361.99 -121.819
1223 361.872 -121.919
1224 361.754 -122.019
1225 361.636 -122.119
1226 361.518 -122.219
1227 361.399 -122.319
1228 361.281 -122.419
1229 361.163 -122.519
1230 361.045 -122.619
1231 360.927 -122.719
1232 360.809 -122.819
1233 360.69 -122.919
1234 360.572 -123.019
1235 360.454 -123.119
1236 360.336 -123.219
1237 360.218 -123.319
1238 360.1 -123.419
1239 359.981 -123.519
1240 359.863 -123.619
1241 359.745 -123.719
1242 359.627 -123.819
1243 359.509 -123.919
1244 359.391 -124.019
1245 359.273 -124.119
1246 359.154 -124.219
1247 359.036 -124.319
1248 358.918 -124.419
1249 358.8 -124.519
1250 358.682 -124.619
1251 358.564 -124.719
1252 358.446 -124.819
1253 358.328 -124.919
1254 358.209 -125.019
1255 358.091 -125.119
1256 357.973 -125.219
1257 357.855 -125.319
1258 357.737 -125.419
1259 357.619 -125.519
1260 357.501 -125.619
1261 357.383 -125.719
1262 357.265 -125.819
1263 357.147 -125.919
1264 357.028 -126.019
1265 356.91 -126.119
1266 356.792 -126.219
1267 356.674 -126.319
1268 356.556 -126.419
1269 356.438 -126.519
1270 356.32 -126.619
1271 356.202 -126.719
1272 356.084 -126.819
1273 355.966 -126.919
1274 355.848 -127.019
1275 355.73 -127.119
1276 355.612 -127.219
1277 355.494 -127.319
1278 355.376 -127.419
1279 355.258 -127.519
1280 355.139 -127.619
1281 355.021 -127.719
1282 354.903 -127.819
1283 354.785 -127.919
1284 354.667 -128.019
1285 354.549 -128.119
1286 354.431 -128.219
1287 354.313 -128.319
1288 354.195 -128.419
1289 354.077 -128.519
1290 353.959 -128.619
1291 353.841 -128.719
1292 353.723 -128.819
1293 353.605 -128.919
1294 353.487 -129.019
1295 353.369 -129.119
1296 353.251 -129.219
1297 353.133 -129.319
1298 353.015 -129.419
1299 352.897 -129.519
1300 352.779 -129.619
1301 352.661 -129.719
1302 352.543 -129.819
1303 352.425 -129.919
1304 352.307 -130.019
1305 352.189 -130.119
1306 352.071 -130.219
1307 351.953 -130.319
1308 351.835 -130.419
1309 351.717 -130.519
1310 351.599 -130.619
1311 351.481 -130.719
1312 351.363 -130.819
1313 351.245 -130.919
1314 351.127 -131.019
1315 351.009 -131.119
1316 350.891 -131.219
1317 350.773 -131.319
1318 350.656 -131.419
1319 350.538 -131.519
1320 350.42 -131.619
1321 350.302 -131.719
1322 350.184 -131.819
1323 350.066 -131.919
1324 349.948 -132.019
1325 349.83 -132.119
1326 349.712 -132.219
1327 349.594 -132.319
1328 349.476 -132.419
1329 349.358 -132.519
1330 349.24 -132.619
1331 349.122 -132.719
1332 349.004 -132.819
1333 348.886 -132.919
1334 348.769 -133.019
1335 348.651 -133.119
1336 348.533 -133.219
1337 348.415 -133.319
1338 348.297 -133.419
1339 348.179 -133.519
1340 348.061 -133.619
1341 347.943 -133.719
1342 347.825 -133.819
1343 347.707 -133.919
1344 347.589 -134.019
1345 347.471 -134.119
1346 347.354 -134.219
1347 347.236 -134.319
1348 347.118 -134.419
1349 347 -134.519
1350 346.882 -134.619
1351 346.764 -134.719
1352 346.646 -134.819
1353 346.528 -134.919
1354 346.41 -135.019
1355 346.293 -135.119
1356 346.175 -135.219
1357 346.057 -135.319
1358 345.939 -135.419
1359 345.821 -135.519
1360 345.703 -135.619
1361 345.585 -135.719
1362 345.467 -135.819
1363 345.35 -135.919
1364 345.232 -136.019
1365 345.114 -136.119
1366 344.996 -136.219
1367 344.878 -136.319
1368 344.76 -136.419
1369 344.642 -136.519
1370 344.524 -136.619
1371 344.407 -136.719
1372 344.289 -136.819
1373 344.171 -136.919
1374 344.053 -137.019
1375 343.935 -137.119
1376 343.817 -137.219
1377 343.7 -137.319
1378 343.582 -137.419
1379 343.464 -137.519
1380 343.346 -137.619
1381 343.228 -137.719
1382 343.11 -137.819
1383 342.992 -137.919
1384 342.875 -138.019
1385 342.757 -138.119
1386 342.639 -138.219
1387 342.521 -138.319
1388 342.403 -138.419
1389 342.286 -138.519
1390 342.168 -138.619
1391 342.05 -138.719
1392 341.932 -138.819
1393 341.814 -138.919
1394 341.696 -139.019
1395 341.579 -139.119
1396 341.461 -139.219
1397 341.343 -139.319
1398 341.225 -139.419
1399 341.107 -139.519
1400 340.99 -139.619
1401 340.872 -139.719
1402 340.754 -139.819
1403 340.636 -139.919
1404 340.518 -140.019
1405 340.401 -140.119
1406 340.283 -140.219
1407 340.165 -140.319
1408 340.047 -140.419
1409 339.929 -140.519
1410 339.812 -140.619
1411 339.694 -140.719
1412 339.576 -140.819
1413 339.458 -140.919
1414 339.34 -141.019
1415 339.223 -141.119
1416 339.105 -141.219
1417 338.987 -141.319
1418 338.869 -141.419
1419 338.751 -141.519
1420 338.634 -141.619
1421 338.516 -141.719
1422 338.398 -141.819
1423 338.28 -141.919
1424 338.163 -142.019
1425 338.045 -142.119
1426 337.927 -142.219
1427 337.809 -142.319
1428 337.692 -142.419
1429 337.574 -142.519
1430 337.456 -142.619
1431 337.338 -142.719
1432 337.22 -142.819
1433 337.103 -142.919
1434 336.985 -143.019
1435 336.867 -143.119
1436 336.749 -143.219
1437 336.632 -143.319
1438 336.514 -143.419
1439 336.396 -143.519
1440 336.278 -143.619
1441 336.161 -143.719
1442 336.043 -143.819
1443 335.925 -143.919
1444 335.807 -144.019
1445 335.69 -144.119
1446 335.572 -144.219
1447 335.454 -144.319
1448 335.337 -144.419
1449 335.219 -144.519
1450 335.101 -144.619
1451 334.983 -144.719
1452 334.866 -144.819
1453 334.748 -144.919
1454 334.63 -145.019
1455 334.512 -145.119
1456 334.395 -145.219
1457 334.277 -145.319
1458 334.159 -145.419
1459 334.041 -145.519
1460 333.924 -145.619
1461 333.806 -145.719
1462 333.688 -145.819
1463 333.571 -145.919
1464 333.453 -146.019
1465 333.335 -146.119
1466 333.217 -146.219
1467 333.1 -146.319
1468 332.982 -146.419
1469 332.864 -146.519
1470 332.747 -146.619
1471 332.629 -146.719
1472 332.511 -146.819
1473 332.393 -146.919
1474 332.276 -147.019
1475 332.158 -147.119
1476 332.04 -147.219
1477 331.923 -147.319
1478 331.805 -147.419
1479 331.687 -147.519
1480 331.57 -147.619
1481 331.452 -147.719
1482 331.334 -147.819
1483 331.216 -147.919
1484 331.099 -148.019
1485 330.981 -148.119
1486 330.863 -148.219
1487 330.746 -148.319
1488 330.628 -148.419
1489 330.51 -148.519
1490 330.393 -148.619
1491 330.275 -148.719
1492 330.157 -148.819
1493 330.04 -148.919
1494 329.922 -149.019
1495 329.804 -149.119
1496 329.687 -149.219
1497 329.569 -149.319
1498 329.451 -149.419
1499 329.333 -149.519
1500 329.216 -149.619
1501 329.098 -149.719
1502 328.98 -149.819
1503 328.863 -149.919
1504 328.745 -150.019
1505 328.627 -150.119
1506 328.51 -150.219
1507 328.392 -150.319
1508 328.274 -150.419
1509 328.157 -150.519
1510 328.039 -150.619
1511 327.921 -150.719
1512 327.804 -150.819
1513 327.686 -150.919
1514 327.568 -151.019
1515 327.451 -151.119
1516 327.333 -151.219
1517 327.215 -151.319
1518 327.098 -151.419
1519 326.98 -151.519
1520 326.863 -151.619
1521 326.745 -151.719
1522 326.627 -151.819
1523 326.51 -151.919
1524 326.392 -152.019
1525 326.274 -152.119
1526 326.157 -152.219
1527 326.039 -152.319
1528 325.921 -152.419
1529 325.804 -152.519
1530 325.686 -152.619
1531 325.568 -152.719
1532 325.451 -152.819
1533 325.333 -152.919
1534 325.215 -153.019
1535 325.098 -153.119
1536 324.98 -153.219
1537 324.863 -153.319
1538 324.745 -153.419
1539 324.627 -153.519
1540 324.51 -153.619
1541 324.392 -153.719
1542 324.274 -153.819
1543 324.157 -153.919
1544 324.039 -154.019
1545 323.921 -154.119
1546 323.804 -154.219
1547 323.686 -154.319
1548 323.569 -154.419
1549 323.451 -154.519
1550 323.333 -154.619
1551 323.216 -154.719
1552 323.098 -154.819
1553 322.98 -154.919
1554 322.863 -155.019
1555 322.745 -155.119
1556 322.628 -155.219
1557 322.51 -155.319
1558 322.392 -155.419
1559 322.275 -155.519
1560 322.157 -155.619
1561 322.039 -155.719
1562 321.922 -155.819
1563 321.804 -155.919
1564 321.687 -156.019
1565 321.569 -156.119
1566 321.451 -156.219
1567 321.334 -156.319
1568 321.216 -156.419
1569 321.099 -156.519
1570 320.981 -156.619
1571 320.863 -156.719
1572 320.746 -156.819
1573 320.628 -156.919
1574 320.511 -157.019
1575 320.393 -157.119
1576 320.275 -157.219
1577 320.158 -157.319
1578 320.04 -157.419
1579 319.923 -157.519
1580 319.805 -157.619
1581 319.687 -157.719
1582 319.57 -157.819
1583 319.452 -157.919
1584 319.335 -158.019
1585 319.217 -158.119
1586 319.099 -158.219
1587 318.982 -158.319
1588 318.864 -158.419
1589 318.747 -158.519
1590 318.629 -158.619
1591 318.511 -158.719
1592 318.394 -158.819
1593 318.276 -158.919
1594 318.159 -159.019
1595 318.041 -159.119
1596 317.923 -159.219
1597 317.806 -159.319
1598 317.688 -159.419
1599 317.571 -159.519
1600 317.453 -159.619
1601 317.335 -159.719
1602 317.218 -159.819
1603 317.1 -159.919
1604 316.983 -160.019
1605 316.865 -160.119
1606 316.748 -160.219
1607 316.63 -160.319
1608 316.512 -160.419
1609 316.395 -160.519
1610 316.277 -160.619
1611 316.16 -160.719
1612 316.042 -160.819
1613 315.925 -160.919
1614 315.807 -161.019
1615 315.689 -161.119
1616 315.572 -161.219
1617 315.454 -161.319
1618 315.337 -161.419
1619 315.219 -161.519
1620 315.102 -161.619
1621 314.984 -161.719
1622 314.866 -161.819
1623 314.749 -161.919
1624 314.631 -162.019
1625 314.514 -162.119
1626 314.396 -162.219
1627 314.279 -162.319
1628 314.161 -162.419
1629 314.043 -162.519
1630 313.926 -162.619
1631 313.808 -162.719
1632 313.691 -162.819
1633 313.573 -162.919
1634 313.456 -163.019
1635 313.338 -163.119
1636 313.22 -163.219
1637 313.103 -163.319
1638 312.985 -163.419
1639 312.868 -163.519
1640 312.75 -163.619
1641 312.633 -163.719
1642 312.515 -163.819
1643 312.398 -163.919
1644 312.28 -164.019
1645 312.162 -164.119
1646 312.045 -164.219
1647 311.927 -164.319
1648 311.81 -164.419
1649 311.692 -164.519
1650 311.575 -164.619
1651 311.457 -164.719
1652 311.34 -164.819
1653 311.222 -164.919
1654 311.105 -165.019
1655 310.987 -165.119
1656 310.869 -165.219
1657 310.752 -165.319
1658 310.634 -165.419
1659 310.517 -165.519
1660 310.399 -165.619
1661 310.282 -165.719
1662 310.164 -165.819
1663 310.047 -165.919
1664 309.929 -166.019
1665 309.812 -166.119
1666 309.694 -166.219
1667 309.576 -166.319
1668 309.459 -166.419
1669 309.341 -166.519
1670 309.224 -166.619
1671 309.106 -166.719
1672 308.989 -166.819
1673 308.871 -166.919
1674 308.754 -167.019
1675 308.636 -167.119
1676 308.519 -167.219
1677 308.401 -167.319
1678 308.284 -167.419
1679 308.166 -167.519
1680 308.048 -167.619
1681 307.931 -167.719
1682 307.813 -167.819
1683 307.696 -167.919
1684 307.578 -168.019
1685 307.461 -168.119
1686 307.343 -168.219
1687 307.226 -168.319
1688 307.108 -168.419
1689 306.991 -168.519
1690 306.873 -168.619
1691 306.756 -168.719
1692 306.638 -168.819
1693 306.521 -168.919
1694 306.403 -169.019
1695 306.286 -169.119
1696 306.168 -169.219
1697 306.051 -169.319
1698 305.933 -169.419
1699 305.815 -169.519
1700 305.698 -169.619
1701 305.58 -169.719
1702 305.463 -169.819
1703 305.345 -169.919
1704 305.228 -170.019
1705 305.11 -170.119
1706 304.993 -170.219
1707 304.875 -170.319
1708 304.758 -170.419
1709 304.64 -170.519
1710 304.523 -170.619
1711 304.405 -170.719
1712 304.288 -170.819
1713 304.17 -170.919
1714 304.053 -171.019
1715 303.935 -171.119
1716 303.818 -171.219
1717 303.7 -171.319
1718 303.583 -171.419
1719 303.465 -171.519
1720 303.348 -171.619
1721 303.23 -171.719
1722 303.113 -171.819
1723 302.995 -171.919
1724 302.878 -172.019
1725 302.76 -172.119
1726 302.643 -172.219
1727 302.525 -172.319
1728 302.408 -172.419
1729 302.29 -172.519
1730 302.173 -172.619
1731 302.055 -172.719
1732 301.938 -172.819
1733 301.82 -172.919
1734 301.703 -173.019
1735 301.585 -173.119
1736 301.468 -173.219
1737 301.35 -173.319
1738 301.233 -173.419
1739 301.115 -173.519
1740 300.998 -173.619
1741 300.88 -173.719
1742 300.762 -173.819
1743 300.645 -173.919
1744 300.527 -174.019
1745 300.41 -174.119
1746 300.292 -174.219
1747 300.175 -174.319
1748 300.057 -174.419
1749 299.94 -174.519
1750 299.823 -174.619
1751 299.705 -174.719
1752 299.588 -174.819
1753 299.47 -174.919
1754 299.353 -175.019
1755 299.235 -175.119
1756 299.118 -175.219
1757 299 -175.319
1758 298.883 -175.419
1759 298.765 -175.519
1760 298.648 -175.619
1761 298.53 -175.719
1762 298.413 -175.819
1763 298.295 -175.919
1764 298.178 -176.019
1765 298.06 -176.119
1766 297.943 -176.219
1767 297.825 -176.319
1768 297.708 -176.419
1769 297.59 -176.519
1770 297.473 -176.619
1771 297.355 -176.719
1772 297.238 -176.819
1773 297.12 -176.919
1774 297.003 -177.019
1775 296.885 -177.119
1776 296.768 -177.219
1777 296.65 -177.319
1778 296.533 -177.419
1779 296.415 -177.519
1780 296.298 -177.619
1781 296.18 -177.719
1782 296.063 -177.819
1783 295.945 -177.919
1784 295.828 -178.019
1785 295.71 -178.119
1786 295.593 -178.219
1787 295.475 -178.319
1788 295.358 -178.419
1789 295.24 -178.519
1790 295.123 -178.619
1791 295.005 -178.719
1792 294.888 -178.819
1793 294.77 -178.919
1794 294.653 -179.019
1795 294.536 -179.119
1796 294.418 -179.219
1797 294.301 -179.319
1798 294.183 -179.419
1799 294.066 -179.519
1800 293.948 -179.619
1801 293.831 -179.719
1802 293.713 -179.819
1803 293.596 -179.919
1804 293.478 -180.019
1805 293.361 -180.119
1806 293.243 -180.219
1807 293.126 -180.319
1808 293.008 -180.419
1809 292.891 -180.519
1810 292.773 -180.619
1811 292.656 -180.719
1812 292.538 -180.819
1813 292.421 -180.919
1814 292.303 -181.019
1815 292.186 -181.119
1816 292.069 -181.219
1817 291.951 -181.319
1818 291.834 -181.419
1819 291.716 -181.519
1820 291.599 -181.619
1821 291.481 -181.719
1822 291.364 -181.819
1823 291.246 -181.919
1824 291.129 -182.019
1825 291.011 -182.119
1826 290.894 -182.219
1827 290.776 -182.319
1828 290.659 -182.419
1829 290.541 -182.519
1830 290.424 -182.619
1831 290.307 -182.719
1832 290.189 -182.819
1833 290.072 -182.919
1834 289.954 -183.019
1835 289.837 -183.119
1836 289.719 -183.219
1837 289.602 -183.319
1838 289.484 -183.419
1839 289.367 -183.519
1840 289.249 -183.619
1841 289.132 -183.719
1842 289.014 -183.819
1843 288.897 -183.919
1844 288.779 -184.019
1845 288.662 -184.119
1846 288.545 -184.219
1847 288.427 -184.319
1848 288.31 -184.419
1849 288.192 -184.519
1850 288.075 -184.619
1851 287.957 -184.719
1852 287.84 -184.819
1853 287.722 -184.919
1854 287.605 -185.019
1855 287.487 -185.119
1856 287.37 -185.219
1857 287.252 -185.319
1858 287.135 -185.419
1859 287.018 -185.519
1860 286.9 -185.619
1861 286.783 -185.719
1862 286.665 -185.819
1863 286.548 -185.919
1864 286.43 -186.019
1865 286.313 -186.119
1866 286.195 -186.219
1867 286.078 -186.319
1868 285.96 -186.419
1869 285.843 -186.519
1870 285.726 -186.619
1871 285.608 -186.719
1872 285.491 -186.819
1873 285.373 -186.919
1874 285.256 -187.019
1875 285.138 -187.119
1876 285.021 -187.219
1877 284.903 -187.319
1878 284.786 -187.419
1879 284.668 -187.519
1880 284.551 -187.619
1881 284.434 -187.719
1882 284.316 -187.819
1883 284.199 -187.919
1884 284.081 -188.019
1885 283.964 -188.119
1886 283.846 -188.219
1887 283.729 -188.319
1888 283.611 -188.419
1889 283.494 -188.519
1890 283.377 -188.619
1891 283.259 -188.719
1892 283.142 -188.819
1893 283.024 -188.919
1894 282.907 -189.019
1895 282.789 -189.119
1896 282.672 -189.219
1897 282.554 -189.319
1898 282.437 -189.419
1899 282.319 -189.519
1900 282.202 -189.619
1901 282.085 -189.719
1902 281.967 -189.819
1903 281.85 -189.919
1904 281.732 -190.019
1905 281.615 -190.119
1906 281.497 -190.219
1907 281.38 -190.319
1908 281.262 -190.419
1909 281.145 -190.519
1910 281.028 -190.619
1911 280.91 -190.719
1912 280.793 -190.819
1913 280.675 -190.919
1914 280.558 -191.019
1915 280.44 -191.119
1916 280.323 -191.219
1917 280.205 -191.319
1918 280.088 -191.419
1919 279.971 -191.519
1920 279.853 -191.619
1921 279.736 -191.719
1922 279.618 -191.819
1923 279.501 -191.919
1924 279.383 -192.019
1925 279.266 -192.119
1926 279.148 -192.219
1927 279.031 -192.319
1928 278.914 -192.419
1929 278.796 -192.519
1930 278.679 -192.619
1931 278.561 -192.719
1932 278.444 -192.819
1933 278.326 -192.919
1934 278.209 -193.019
1935 278.092 -193.119
1936 277.974 -193.219
1937 277.857 -193.319
1938 277.739 -193.419
1939 277.622 -193.519
1940 277.504 -193.619
1941 277.387 -193.719
1942 277.269 -193.819
1943 277.152 -193.919
1944 277.035 -194.019
1945 276.917 -194.119
1946 276.8 -194.219
1947 276.682 -194.319
1948 276.565 -194.419
1949 276.447 -194.519
1950 276.33 -194.619
1951 276.213 -194.719
1952 276.095 -194.819
1953 275.978 -194.919
1954 275.86 -195.019
1955 275.743 -195.119
1956 275.625 -195.219
1957 275.508 -195.319
1958 275.391 -195.419
1959 275.273 -195.519
1960 275.156 -195.619
1961 275.038 -195.719
1962 274.921 -195.819
1963 274.803 -195.919
1964 274.686 -196.019
1965 274.568 -196.119
1966 274.451 -196.219
1967 274.334 -196.319
1968 274.216 -196.419
1969 274.099 -196.519
1970 273.981 -196.619
1971 273.864 -196.719
1972 273.746 -196.819
1973 273.629 -196.919
1974 273.512 -197.019
1975 273.394 -197.119
1976 273.277 -197.219
1977 273.159 -197.319
1978 273.042 -197.419
1979 272.924 -197.519
1980 272.807 -197.619
1981 272.69 -197.719
1982 272.572 -197.819
1983 272.455 -197.919
1984 272.337 -198.019
1985 272.22 -198.119
1986 272.102 -198.219
1987 271.985 -198.319
1988 271.868 -198.419
1989 271.75 -198.519
1990 271.633 -198.619
1991 271.515 -198.719
1992 271.398 -198.819
1993 271.28 -198.919
1994 271.163 -199.019
1995 271.046 -199.119
1996 270.928 -199.219
1997 270.811 -199.319
1998 270.693 -199.419
1999 270.576 -199.519
2000 270.458 -199.619
2001 270.341 -199.719
2002 270.224 -199.819
2003 270.106 -199.919
2004 269.989 -200.019
2005 269.871 -200.119
2006 269.754 -200.219
2007 269.636 -200.319
2008 269.519 -200.419
2009 269.402 -200.519
2010 269.284 -200.619
2011 269.167 -200.719
2012 269.049 -200.819
2013 268.932 -200.919
2014 268.815 -201.019
2015 268.697 -201.119
2016 268.58 -201.219
2017 268.462 -201.319
2018 268.345 -201.419
2019 268.227 -201.519
2020 268.11 -201.619
2021 267.993 -201.719
2022 267.875 -201.819
2023 267.758 -201.919
2024 267.64 -202.019
2025 267.523 -202.119
2026 267.405 -202.219
2027 267.288 -202.319
2028 267.171 -202.419
2029 267.053 -202.519
2030 266.936 -202.619
2031 266.818 -202.719
2032 266.701 -202.819
2033 266.584 -202.919
2034 266.466 -203.019
2035 266.349 -203.119
2036 266.231 -203.219
2037 266.114 -203.319
2038 265.996 -203.419
2039 265.879 -203.519
2040 265.762 -203.619
2041 265.644 -203.719
2042 265.527 -203.819
2043 265.409 -203.919
2044 265.292 -204.019
2045 265.174 -204.119
2046 265.057 -204.219
2047 264.94 -204.319
2048 264.822 -204.419
2049 264.705 -204.519
2050 264.587 -204.619
2051 264.47 -204.719
2052 264.353 -204.819
2053 264.235 -204.919
2054 264.118 -205.019
2055 264 -205.119
2056 263.883 -205.219
2057 263.765 -205.319
2058 263.648 -205.419
2059 263.531 -205.519
2060 263.413 -205.619
2061 263.296 -205.719
2062 263.178 -205.819
2063 263.061 -205.919
2064 262.944 -206.019
2065 262.826 -206.119
2066 262.709 -206.219
2067 262.591 -206.319
2068 262.474 -206.419
2069 262.356 -206.519
2070 262.239 -206.619
2071 262.122 -206.719
2072 262.004 -206.819
2073 261.887 -206.919
2074 261.769 -207.019
2075 261.652 -207.119
2076 261.535 -207.219
2077 261.417 -207.319
2078 261.3 -207.419
2079 261.182 -207.519
2080 261.065 -207.619
2081 260.948 -207.719
2082 260.83 -207.819
2083 260.713 -207.919
2084 260.595 -208.019
2085 260.478 -208.119
2086 260.36 -208.219
2087 260.243 -208.319
2088 260.126 -208.419
2089 260.008 -208.519
2090 259.891 -208.619
2091 259.773 -208.719
2092 259.656 -208.819
2093 259.539 -208.919
2094 259.421 -209.019
2095 259.304 -209.119
2096 259.186 -209.219
2097 259.069 -209.319
2098 258.952 -209.419
2099 258.834 -209.519
2100 258.717 -209.619
2101 258.599 -209.719
2102 258.482 -209.819
2103 258.364 -209.919
2104 258.247 -210.019
2105 258.13 -210.119
2106 258.012 -210.219
2107 257.895 -210.319
2108 257.777 -210.419
2109 257.66 -210.519
2110 257.543 -210.619
2111 257.425 -210.719
2112 257.308 -210.819
2113 257.19 -210.919
2114 257.073 -211.019
2115 256.956 -211.119
2116 256.838 -211.219
2117 256.721 -211.319
2118 256.603 -211.419
2119 256.486 -211.519
2120 256.368 -211.619
2121 256.251 -211.719
2122 256.134 -211.819
2123 256.016 -211.919
2124 255.899 -212.019
2125 255.781 -212.119
2126 255.664 -212.219
2127 255.547 -212.319
2128 255.429 -212.419
2129 255.312 -212.519
2130 255.194 -212.619
2131 255.077 -212.719
2132 254.96 -212.819
2133 254.842 -212.919
2134 254.725 -213.019
2135 254.607 -213.119
2136 254.49 -213.219
2137 254.373 -213.319
2138 254.255 -213.419
2139 254.138 -213.519
2140 254.02 -213.619
2141 253.903 -213.719
2142 253.786 -213.819
2143 253.668 -213.919
2144 253.551 -214.019
2145 253.433 -214.119
2146 253.316 -214.219
2147 253.199 -214.319
2148 253.081 -214.419
2149 252.964 -214.519
2150 252.846 -214.619
2151 252.729 -214.719
2152 252.611 -214.819
2153 252.494 -214.919
2154 252.377 -215.019
2155 252.259 -215.119
2156 252.142 -215.219
2157 252.024 -215.319
2158 251.907 -215.419
2159 251.79 -215.519
2160 251.672 -215.619
2161 251.555 -215.719
2162 251.437 -215.819
2163 251.32 -215.919
2164 251.203 -216.019
2165 251.085 -216.119
2166 250.968 -216.219
2167 250.85 -216.319
2168 250.733 -216.419
2169 250.616 -216.519
2170 250.498 -216.619
2171 250.381 -216.719
2172 250.263 -216.819
2173 250.146 -216.919
2174 250.029 -217.019
2175 249.911 -217.119
2176 249.794 -217.219
2177 249.676 -217.319
2178 249.559 -217.419
2179 249.442 -217.519
2180 249.324 -217.619
2181 249.207 -217.719
2182 249.089 -217.819
2183 248.972 -217.919
2184 248.855 -218.019
2185 248.737 -218.119
2186 248.62 -218.219
2187 248.502 -218.319
2188 248.385 -218.419
2189 248.268 -218.519
2190 248.15 -218.619
2191 248.033 -218.719
2192 247.915 -218.819
2193 247.798 -218.919
2194 247.681 -219.019
2195 247.563 -219.119
2196 247.446 -219.219
2197 247.328 -219.319
2198 247.211 -219.419
2199 247.094 -219.519
2200 246.976 -219.619
2201 246.859 -219.719
2202 246.741 -219.819
2203 246.624 -219.919
2204 246.507 -220.019
2205 246.389 -220.119
2206 246.272 -220.219
2207 246.154 -220.319
2208 246.037 -220.419
2209 245.92 -220.519
2210 245.802 -220.619
2211 245.685 -220.719
2212 245.567 -220.819
2213 245.45 -220.919
2214 245.333 -221.019
2215 245.215 -221.119
2216 245.098 -221.219
2217 244.98 -221.319
2218 244.863 -221.419
2219 244.746 -221.519
2220 244.628 -221.619
2221 244.511 -221.719
2222 244.393 -221.819
2223 244.276 -221.919
2224 244.159 -222.019
2225 244.041 -222.119
2226 243.924 -222.219
2227 243.806 -222.319
2228 243.689 -222.419
2229 243.572 -222.519
2230 243.454 -222.619
2231 243.337 -222.719
2232 243.219 -222.819
2233 243.102 -222.919
2234 242.985 -223.019
2235 242.867 -223.119
2236 242.75 -223.219
2237 242.632 -223.319
2238 242.515 -223.419
2239 242.398 -223.519
2240 242.28 -223.619
2241 242.163 -223.719
2242 242.045 -223.819
2243 241.928 -223.919
2244 241.811 -224.019
2245 241.693 -224.119
2246 241.576 -224.219
2247 241.458 -224.319
2248 241.341 -224.419
2249 241.224 -224.519
2250 241.106 -224.619
2251 240.989 -224.719
2252 240.871 -224.819
2253 240.754 -224.919
2254 240.637 -225.019
2255 240.519 -225.119
2256 240.402 -225.219
2257 240.284 -225.319
2258 240.167 -225.419
2259 240.05 -225.519
2260 239.932 -225.619
2261 239.815 -225.719
2262 239.697 -225.819
2263 239.58 -225.919
2264 239.463 -226.019
2265 239.345 -226.119
2266 239.228 -226.219
2267 239.111 -226.319
2268 238.993 -226.419
2269 238.876 -226.519
2270 238.758 -226.619
2271 238.641 -226.719
2272 238.524 -226.819
2273 238.406 -226.919
2274 238.289 -227.019
2275 238.171 -227.119
2276 238.054 -227.219
2277 237.937 -227.319
2278 237.819 -227.419
2279 237.702 -227.519
2280 237.584 -227.619
2281 237.467 -227.719
2282 237.35 -227.819
2283 237.232 -227.919
2284 237.115 -228.019
2285 236.997 -228.119
2286 236.88 -228.219
2287 236.763 -228.319
2288 236.645 -228.419
2289 236.528 -228.519
2290 236.41 -228.619
2291 236.293 -228.719
2292 236.176 -228.819
2293 236.058 -228.919
2294 235.941 -229.019
2295 235.823 -229.119
2296 235.706 -229.219
2297 235.589 -229.319
2298 235.471 -229.419
2299 235.354 -229.519
2300 235.236 -229.619
2301 235.119 -229.719
2302 235.002 -229.819
2303 234.884 -229.919
2304 234.767 -230.019
2305 234.65 -230.119
2306 234.532 -230.219
2307 234.415 -230.319
2308 234.297 -230.419
2309 234.18 -230.519
2310 234.063 -230.619
2311 233.945 -230.719
2312 233.828 -230.819
2313 233.71 -230.919
2314 233.593 -231.019
2315 233.476 -231.119
2316 233.358 -231.219
2317 233.241 -231.319
2318 233.123 -231.419
2319 233.006 -231.519
2320 232.889 -231.619
2321 232.771 -231.719
2322 232.654 -231.819
2323 232.536 -231.919
2324 232.419 -232.019
2325 232.302 -232.119
2326 232.184 -232.219
2327 232.067 -232.319
2328 231.949 -232.419
2329 231.832 -232.519
2330 231.715 -232.619
2331 231.597 -232.719
2332 231.48 -232.819
2333 231.363 -232.919
2334 231.245 -233.019
2335 231.128 -233.119
2336 231.01 -233.219
2337 230.893 -233.319
2338 230.776 -233.419
2339 230.658 -233.519
2340 230.541 -233.619
2341 230.423 -233.719
2342 230.306 -233.819
2343 230.189 -233.919
2344 230.071 -234.019
2345 229.954 -234.119
2346 229.836 -234.219
2347 229.719 -234.319
2348 229.602 -234.419
2349 229.484 -234.519
2350 229.367 -234.619
2351 229.25 -234.719
2352 229.132 -234.819
2353 229.015 -234.919
2354 228.897 -235.019
2355 228.78 -235.119
2356 228.663 -235.219
2357 228.545 -235.319
2358 228.428 -235.419
2359 228.31 -235.519
2360 228.193 -235.619
2361 228.076 -235.719
2362 227.958 -235.819
2363 227.841 -235.919
2364 227.723 -236.019
2365 227.606 -236.119
2366 227.489 -236.219
2367 227.371 -236.319
2368 227.254 -236.419
2369 227.136 -236.519
2370 227.019 -236.619
2371 226.902 -236.719
2372 226.784 -236.819
2373 226.667 -236.919
2374 226.55 -237.019
2375 226.432 -237.119
2376 226.315 -237.219
2377 226.197 -237.319
2378 226.08 -237.419
2379 225.963 -237.519
2380 225.845 -237.619
2381 225.728 -237.719
2382 225.61 -237.819
2383 225.493 -237.919
2384 225.376 -238.019
2385 225.258 -238.119
2386 225.141 -238.219
2387 225.023 -238.319
2388 224.906 -238.419
2389 224.789 -238.519
2390 224.671 -238.619
2391 224.554 -238.719
2392 224.437 -238.819
2393 224.319 -238.919
2394 224.202 -239.019
2395 224.084 -239.119
2396 223.967 -239.219
2397 223.85 -239.319
2398 223.732 -239.419
2399 223.615 -239.519
2400 223.497 -239.619
2401 223.38 -239.719
2402 223.263 -239.819
2403 223.145 -239.919
2404 223.028 -240.019
2405 222.91 -240.119
2406 222.793 -240.219
2407 222.676 -240.319
2408 222.558 -240.419
2409 222.441 -240.519
2410 222.324 -240.619
2411 222.206 -240.719
2412 222.089 -240.819
2413 221.971 -240.919
2414 221.854 -241.019
2415 221.737 -241.119
2416 221.619 -241.219
2417 221.502 -241.319
2418 221.384 -241.419
2419 221.267 -241.519
2420 221.15 -241.619
2421 221.032 -241.719
2422 220.915 -241.819
2423 220.798 -241.919
2424 220.68 -242.019
2425 220.563 -242.119
2426 220.445 -242.219
2427 220.328 -242.319
2428 220.211 -242.419
2429 220.093 -242.519
2430 219.976 -242.619
2431 219.858 -242.719
2432 219.741 -242.819
2433 219.624 -242.919
2434 219.506 -243.019
2435 219.389 -243.119
2436 219.271 -243.219
2437 219.154 -243.319
2438 219.037 -243.419
2439 218.919 -243.519
2440 218.802 -243.619
2441 218.685 -243.719
2442 218.567 -243.819
2443 218.45 -243.919
2444 218.332 -244.019
2445 218.215 -244.119
2446 218.098 -244.219
2447 217.98 -244.319
2448 217.863 -244.419
2449 217.745 -244.519
2450 217.628 -244.619
2451 217.511 -244.719
2452 217.393 -244.819
2453 217.276 -244.919
2454 217.159 -245.019
2455 217.041 -245.119
2456 216.924 -245.219
2457 216.806 -245.319
2458 216.689 -245.419
2459 216.572 -245.519
2460 216.454 -245.619
2461 216.337 -245.719
2462 216.219 -245.819
2463 216.102 -245.919
2464 215.985 -246.019
2465 215.867 -246.119
2466 215.75 -246.219
2467 215.632 -246.319
2468 215.515 -246.419
2469 215.398 -246.519
2470 215.28 -246.619
2471 215.163 -246.719
2472 215.046 -246.819
2473 214.928 -246.919
2474 214.811 -247.019
2475 214.693 -247.119
2476 214.576 -247.219
2477 214.459 -247.319
2478 214.341 -247.419
2479 214.224 -247.519
2480 214.106 -247.619
2481 213.989 -247.719
2482 213.872 -247.819
2483 213.754 -247.919
2484 213.637 -248.019
2485 213.52 -248.119
2486 213.402 -248.219
2487 213.285 -248.319
2488 213.167 -248.419
2489 213.05 -248.519
2490 212.933 -248.619
2491 212.815 -248.719
2492 212.698 -248.819
2493 212.58 -248.919
2494 212.463 -249.019
2495 212.346 -249.119
2496 212.228 -249.219
2497 212.111 -249.319
2498 211.994 -249.419
2499 211.876 -249.519
2500 211.759 -249.619
2501 211.641 -249.719
2502 211.524 -249.819
2503 211.407 -249.919
2504 211.289 -250.019
2505 211.172 -250.119
2506 211.054 -250.219
2507 210.937 -250.319
2508 210.82 -250.419
2509 210.702 -250.519
2510 210.585 -250.619
2511 210.468 -250.719
2512 210.35 -250.819
2513 210.233 -250.919
2514 210.115 -251.019
2515 209.998 -251.119
2516 209.881 -251.219
2517 209.763 -251.319
2518 209.646 -251.419
2519 209.528 -251.519
2520 209.411 -251.619
2521 209.294 -251.719
2522 209.176 -251.819
2523 209.059 -251.919
2524 208.942 -252.019
2525 208.824 -252.119
2526 208.707 -252.219
2527 208.589 -252.319
2528 208.472 -252.419
2529 208.355 -252.519
2530 208.237 -252.619
2531 208.12 -252.719
2532 208.002 -252.819
2533 207.885 -252.919
2534 207.768 -253.019
2535 207.65 -253.119
2536 207.533 -253.219
2537 207.416 -253.319
2538 207.298 -253.419
2539 207.181 -253.519
2540 207.063 -253.619
2541 206.946 -253.719
2542 206.829 -253.819
2543 206.711 -253.919
2544 206.594 -254.019
2545 206.476 -254.119
2546 206.359 -254.219
2547 206.242 -254.319
2548 206.124 -254.419
2549 206.007 -254.519
2550 205.89 -254.619
2551 205.772 -254.719
2552 205.655 -254.819
2553 205.537 -254.919
2554 205.42 -255.019
2555 205.303 -255.119
2556 205.185 -255.219
2557 205.068 -255.319
2558 204.95 -255.419
2559 204.833 -255.519
2560 204.716 -255.619
2561 204.598 -255.719
2562 204.481 -255.819
2563 204.364 -255.919
2564 204.246 -256.019
2565 204.129 -256.119
2566 204.011 -256.219
2567 203.894 -256.319
2568 203.777 -256.419
2569 203.659 -256.519
2570 203.542 -256.619
2571 203.425 -256.719
2572 203.307 -256.819
2573 203.19 -256.919
2574 203.072 -257.019
2575 202.955 -257.119
2576 202.838 -257.219
2577 202.72 -257.319
2578 202.603 -257.419
2579 202.485 -257.519
2580 202.368 -257.619
2581 202.251 -257.719
2582 202.133 -257.819
2583 202.016 -257.919
2584 201.899 -258.019
2585 201.781 -258.119
2586 201.664 -258.219
2587 201.546 -258.319
2588 201.429 -258.419
2589 201.312 -258.519
2590 201.194 -258.619
2591 201.077 -258.719
2592 200.959 -258.819
2593 200.842 -258.919
2594 200.725 -259.019
2595 200.607 -259.119
2596 200.49 -259.219
2597 200.373 -259.319
2598 200.255 -259.419
2599 200.138 -259.519
2600 200.02 -259.619
2601 199.903 -259.719
2602 199.786 -259.819
2603 199.668 -259.919
2604 199.551 -260.019
2605 199.434 -260.119
2606 199.316 -260.219
2607 199.199 -260.319
2608 199.081 -260.419
2609 198.964 -260.519
2610 198.847 -260.619
2611 198.729 -260.719
2612 198.612 -260.819
2613 198.494 -260.919
2614 198.377 -261.019
2615 198.26 -261.119
2616 198.142 -261.219
2617 198.025 -261.319
2618 197.908 -261.419
2619 197.79 -261.519
2620 197.673 -261.619
2621 197.555 -261.719
2622 197.438 -261.819
2623 197.321 -261.919
2624 197.203 -262.019
2625 197.086 -262.119
2626 196.968 -262.219
2627 196.851 -262.319
2628 196.734 -262.419
2629 196.616 -262.519
2630 196.499 -262.619
2631 196.382 -262.719
2632 196.264 -262.819
2633 196.147 -262.919
2634 196.029 -263.019
2635 195.912 -263.119
2636 195.795 -263.219
2637 195.677 -263.319
2638 195.56 -263.419
2639 195.443 -263.519
2640 195.325 -263.619
2641 195.208 -263.719
2642 195.09 -263.819
2643 194.973 -263.919
2644 194.856 -264.019
2645 194.738 -264.119
2646 194.621 -264.219
2647 194.503 -264.319
2648 194.386 -264.419
2649 194.269 -264.519
2650 194.151 -264.619
2651 194.034 -264.719
2652 193.917 -264.819
2653 193.799 -264.919
2654 193.682 -265.019
2655 193.564 -265.119
2656 193.447 -265.219
2657 193.33 -265.319
2658 193.212 -265.419
2659 193.095 -265.519
2660 192.978 -265.619
2661 192.86 -265.719
2662 192.743 -265.819
2663 192.625 -265.919
2664 192.508 -266.019
2665 192.391 -266.119
2666 192.273 -266.219
2667 192.156 -266.319
2668 192.038 -266.419
2669 191.921 -266.519
2670 191.804 -266.619
2671 191.686 -266.719
2672 191.569 -266.819
2673 191.452 -266.919
2674 191.334 -267.019
2675 191.217 -267.119
2676 191.099 -267.219
2677 190.982 -267.319
2678 190.865 -267.419
2679 190.747 -267.519
2680 190.63 -267.619
2681 190.512 -267.719
2682 190.395 -267.819
2683 190.278 -267.919
2684 190.16 -268.019
2685 190.043 -268.119
2686 189.926 -268.219
2687 189.808 -268.319
2688 189.691 -268.419
2689 189.573 -268.519
2690 189.456 -268.619
2691 189.339 -268.719
2692 189.221 -268.819
2693 189.104 -268.919
2694 188.987 -269.019
2695 188.869 -269.119
2696 188.752 -269.219
2697 188.634 -269.319
2698 188.517 -269.419
2699 188.4 -269.519
2700 188.282 -269.619
2701 188.165 -269.719
2702 188.047 -269.819
2703 187.93 -269.919
2704 187.813 -270.019
2705 187.695 -270.119
2706 187.578 -270.219
2707 187.461 -270.319
2708 187.343 -270.419
2709 187.226 -270.519
2710 187.108 -270.619
2711 186.991 -270.719
2712 186.874 -270.819
2713 186.756 -270.919
2714 186.639 -271.019
2715 186.522 -271.119
2716 186.404 -271.219
2717 186.287 -271.319
2718 186.169 -271.419
2719 186.052 -271.519
2720 185.935 -271.619
2721 185.817 -271.719
2722 185.7 -271.819
2723 185.583 -271.919
2724 185.465 -272.019
2725 185.348 -272.119
2726 185.23 -272.219
2727 185.113 -272.319
2728 184.996 -272.419
2729 184.878 -272.519
2730 184.761 -272.619
2731 184.643 -272.719
2732 184.526 -272.819
2733 184.409 -272.919
2734 184.291 -273.019
2735 184.174 -273.119
2736 184.057 -273.219
2737 183.939 -273.319
2738 183.822 -273.419
2739 183.704 -273.519
2740 183.587 -273.619
2741 183.47 -273.719
2742 183.352 -273.819
2743 183.235 -273.919
2744 183.118 -274.019
2745 183 -274.119
2746 182.883 -274.219
2747 182.765 -274.319
2748 182.648 -274.419
2749 182.531 -274.519
2750 182.413 -274.619
2751 182.296 -274.719
2752 182.178 -274.819
2753 182.061 -274.919
2754 181.944 -275.019
2755 181.826 -275.119
2756 181.709 -275.219
2757 181.592 -275.319
2758 181.474 -275.419
2759 181.357 -275.519
2760 181.239 -275.619
2761 181.122 -275.719
2762 181.005 -275.819
2763 180.887 -275.919
2764 180.77 -276.019
2765 180.653 -276.119
2766 180.535 -276.219
2767 180.418 -276.319
2768 180.3 -276.419
2769 180.183 -276.519
2770 180.066 -276.619
2771 179.948 -276.719
2772 179.831 -276.819
2773 179.713 -276.919
2774 179.596 -277.019
2775 179.479 -277.119
2776 179.361 -277.219
2777 179.244 -277.319
2778 179.127 -277.419
2779 179.009 -277.519
2780 178.892 -277.619
2781 178.774 -277.719
2782 178.657 -277.819
2783 178.54 -277.919
2784 178.422 -278.019
2785 178.305 -278.119
2786 178.188 -278.219
2787 178.07 -278.319
2788 177.953 -278.419
2789 177.835 -278.519
2790 177.718 -278.619
2791 177.601 -278.719
2792 177.483 -278.819
2793 177.366 -278.919
2794 177.249 -279.019
2795 177.131 -279.119
2796 177.014 -279.219
2797 176.896 -279.319
2798 176.779 -279.419
2799 176.662 -279.519
2800 176.544 -279.619
2801 176.427 -279.719
2802 176.309 -279.819
2803 176.192 -279.919
2804 176.075 -280.019
2805 175.957 -280.119
2806 175.84 -280.219
2807 175.723 -280.319
2808 175.605 -280.419
2809 175.488 -280.519
2810 175.37 -280.619
2811 175.253 -280.719
2812 175.136 -280.819
2813 175.018 -280.919
2814 174.901 -281.019
2815 174.784 -281.119
2816 174.666 -281.219
2817 174.549 -281.319
2818 174.431 -281.419
2819 174.314 -281.519
2820 174.197 -281.619
2821 174.079 -281.719
2822 173.962 -281.819
2823 173.845 -281.919
2824 173.727 -282.019
2825 173.61 -282.119
2826 173.492 -282.219
2827 173.375 -282.319
2828 173.258 -282.419
2829 173.14 -282.519
2830 173.023 -282.619
2831 172.905 -282.719
2832 172.788 -282.819
2833 172.671 -282.919
2834 172.553 -283.019
2835 172.436 -283.119
2836 172.319 -283.219
2837 172.201 -283.319
2838 172.084 -283.419
2839 171.966 -283.519
2840 171.849 -283.619
2841 171.732 -283.719
2842 171.614 -283.819
2843 171.497 -283.919
2844 171.38 -284.019
2845 171.262 -284.119
2846 171.145 -284.219
2847 171.027 -284.319
2848 170.91 -284.419
2849 170.793 -284.519
2850 170.675 -284.619
2851 170.558 -284.719
2852 170.441 -284.819
2853 170.323 -284.919
2854 170.206 -285.019
2855 170.088 -285.119
2856 169.971 -285.219
2857 169.854 -285.319
2858 169.736 -285.419
2859 169.619 -285.519
2860 169.501 -285.619
2861 169.384 -285.719
2862 169.267 -285.819
2863 169.149 -285.919
2864 169.032 -286.019
2865 168.915 -286.119
2866 168.797 -286.219
2867 168.68 -286.319
2868 168.562 -286.419
2869 168.445 -286.519
2870 168.328 -286.619
2871 168.21 -286.719
2872 168.093 -286.819
2873 167.976 -286.919
2874 167.858 -287.019
2875 167.741 -287.119
2876 167.623 -287.219
2877 167.506 -287.319
2878 167.389 -287.419
2879 167.271 -287.519
2880 167.154 -287.619
2881 167.037 -287.719
2882 166.919 -287.819
2883 166.802 -287.919
2884 166.684 -288.019
2885 166.567 -288.119
2886 166.45 -288.219
2887 166.332 -288.319
2888 166.215 -288.419
2889 166.097 -288.519
2890 165.98 -288.619
2891 165.863 -288.719
2892 165.745 -288.819
2893 165.628 -288.919
2894 165.511 -289.019
2895 165.393 -289.119
2896 165.276 -289.219
2897 165.158 -289.319
2898 165.041 -289.419
2899 164.924 -289.519
2900 164.806 -289.619
2901 164.689 -289.719
2902 164.572 -289.819
2903 164.454 -289.919
2904 164.337 -290.019
2905 164.219 -290.119
2906 164.102 -290.219
2907 163.985 -290.319
2908 163.867 -290.419
2909 163.75 -290.519
2910 163.633 -290.619
2911 163.515 -290.719
2912 163.398 -290.819
2913 163.28 -290.919
2914 163.163 -291.019
2915 163.046 -291.119
2916 162.928 -291.219
2917 162.811 -291.319
2918 162.694 -291.419
2919 162.576 -291.519
2920 162.459 -291.619
2921 162.341 -291.719
2922 162.224 -291.819
2923 162.107 -291.919
2924 161.989 -292.019
2925 161.872 -292.119
2926 161.754 -292.219
2927 161.637 -292.319
2928 161.52 -292.419
2929 161.402 -292.519
2930 161.285 -292.619
2931 161.168 -292.719
2932 161.05 -292.819
2933 160.933 -292.919
2934 160.815 -293.019
2935 160.698 -293.119
2936 160.581 -293.219
2937 160.463 -293.319
2938 160.346 -293.419
2939 160.229 -293.519
2940 160.111 -293.619
2941 159.994 -293.719
2942 159.876 -293.819
2943 159.759 -293.919
2944 159.642 -294.019
2945 159.524 -294.119
2946 159.407 -294.219
2947 159.29 -294.319
2948 159.172 -294.419
2949 159.055 -294.519
2950 158.937 -294.619
2951 158.82 -294.719
2952 158.703 -294.819
2953 158.585 -294.919
2954 158.468 -295.019
2955 158.351 -295.119
2956 158.233 -295.219
2957 158.116 -295.319
2958 157.998 -295.419
2959 157.881 -295.519
2960 157.764 -295.619
2961 157.646 -295.719
2962 157.529 -295.819
2963 157.411 -295.919
2964 157.294 -296.019
2965 157.177 -296.119
2966 157.059 -296.219
2967 156.942 -296.319
2968 156.825 -296.419
2969 156.707 -296.519
2970 156.59 -296.619
2971 156.472 -296.719
2972 156.355 -296.819
2973 156.238 -296.919
2974 156.12 -297.019
2975 156.003 -297.119
2976 155.886 -297.219
2977 155.768 -297.319
2978 155.651 -297.419
2979 155.533 -297.519
2980 155.416 -297.619
2981 155.299 -297.719
2982 155.181 -297.819
2983 155.064 -297.919
2984 154.947 -298.019
2985 154.829 -298.119
2986 154.712 -298.219
2987 154.594 -298.319
2988 154.477 -298.419
2989 154.36 -298.519
2990 154.242 -298.619
2991 154.125 -298.719
2992 154.008 -298.819
2993 153.89 -298.919
2994 153.773 -299.019
2995 153.655 -299.119
2996 153.538 -299.219
2997 153.421 -299.319
2998 153.303 -299.419
2999 153.186 -299.519
3000 153.068 -299.619
3001 152.951 -299.719
3002 152.834 -299.819
3003 152.716 -299.919
3004 152.599 -300.019
3005 152.482 -300.119
3006 152.364 -300.219
3007 152.247 -300.319
3008 152.129 -300.419
3009 152.012 -300.519
3010 151.895 -300.619
3011 151.777 -300.719
3012 151.66 -300.819
3013 151.543 -300.919
3014 151.425 -301.019
3015 151.308 -301.119
3016 151.19 -301.219
3017 151.073 -301.319
3018 150.956 -301.419
3019 150.838 -301.519
3020 150.721 -301.619
3021 150.604 -301.719
3022 150.486 -301.819
3023 150.369 -301.919
3024 150.251 -302.019
3025 150.134 -302.119
3026 150.017 -302.219
3027 149.899 -302.319
3028 149.782 -302.419
3029 149.665 -302.519
3030 149.547 -302.619
3031 149.43 -302.719
3032 149.312 -302.819
3033 149.195 -302.919
3034 149.078 -303.019
3035 148.96 -303.119
3036 148.843 -303.219
3037 148.725 -303.319
3038 148.608 -303.419
3039 148.491 -303.519
3040 148.373 -303.619
3041 148.256 -303.719
3042 148.139 -303.819
3043 148.021 -303.919
3044 147.904 -304.019
3045 147.786 -304.119
3046 147.669 -304.219
3047 147.552 -304.319
3048 147.434 -304.419
3049 147.317 -304.519
3050 147.2 -304.619
3051 147.082 -304.719
3052 146.965 -304.819
3053 146.847 -304.919
3054 146.73 -305.019
3055 146.613 -305.119
3056 146.495 -305.219
3057 146.378 -305.319
3058 146.261 -305.419
3059 146.143 -305.519
3060 146.026 -305.619
3061 145.908 -305.719
3062 145.791 -305.819
3063 145.674 -305.919
3064 145.556 -306.019
3065 145.439 -306.119
3066 145.322 -306.219
3067 145.204 -306.319
3068 145.087 -306.419
3069 144.969 -306.519
3070 144.852 -306.619
3071 144.735 -306.719
3072 144.617 -306.819
3073 144.5 -306.919
3074 144.383 -307.019
3075 144.265 -307.119
3076 144.148 -307.219
3077 144.03 -307.319
3078 143.913 -307.419
3079 143.796 -307.519
3080 143.678 -307.619
3081 143.561 -307.719
3082 143.443 -307.819
3083 143.326 -307.919
3084 143.209 -308.019
3085 143.091 -308.119
3086 142.974 -308.219
3087 142.857 -308.319
3088 142.739 -308.419
3089 142.622 -308.519
3090 142.504 -308.619
3091 142.387 -308.719
3092 142.27 -308.819
3093 142.152 -308.919
3094 142.035 -309.019
3095 141.918 -309.119
3096 141.8 -309.219
3097 141.683 -309.319
3098 141.565 -309.419
3099 141.448 -309.519
3100 141.331 -309.619
3101 141.213 -309.719
3102 141.096 -309.819
3103 140.979 -309.919
3104 140.861 -310.019
3105 140.744 -310.119
3106 140.626 -310.219
3107 140.509 -310.319
3108 140.392 -310.419
3109 140.274 -310.519
3110 140.157 -310.619
3111 140.04 -310.719
3112 139.922 -310.819
3113 139.805 -310.919
3114 139.687 -311.019
3115 139.57 -311.119
3116 139.453 -311.219
3117 139.335 -311.319
3118 139.218 -311.419
3119 139.1 -311.519
3120 138.983 -311.619
3121 138.866 -311.719
3122 138.748 -311.819
3123 138.631 -311.919
3124 138.514 -312.019
3125 138.396 -312.119
3126 138.279 -312.219
3127 138.161 -312.319
3128 138.044 -312.419
3129 137.927 -312.519
3130 137.809 -312.619
3131 137.692 -312.719
3132 137.575 -312.819
3133 137.457 -312.919
3134 137.34 -313.019
3135 137.222 -313.119
3136 137.105 -313.219
3137 136.988 -313.319
3138 136.87 -313.419
3139 136.753 -313.519
3140 136.636 -313.619
3141 136.518 -313.719
3142 136.401 -313.819
3143 136.283 -313.919
3144 136.166 -314.019
3145 136.049 -314.119
3146 135.931 -314.219
3147 135.814 -314.319
3148 135.697 -314.419
3149 135.579 -314.519
3150 135.462 -314.619
3151 135.344 -314.719
3152 135.227 -314.819
3153 135.11 -314.919
3154 134.992 -315.019
3155 134.875 -315.119
3156 134.758 -315.219
3157 134.64 -315.319
3158 134.523 -315.419
3159 134.405 -315.519
3160 134.288 -315.619
3161 134.171 -315.719
3162 134.053 -315.819
3163 133.936 -315.919
3164 133.819 -316.019
3165 133.701 -316.119
3166 133.584 -316.219
3167 133.466 -316.319
3168 133.349 -316.419
3169 133.232 -316.519
3170 133.114 -316.619
3171 132.997 -316.719
3172 132.879 -316.819
3173 132.762 -316.919
3174 132.645 -317.019
3175 132.527 -317.119
3176 132.41 -317.219
3177 132.293 -317.319
3178 132.175 -317.419
3179 132.058 -317.519
3180 131.94 -317.619
3181 131.823 -317.719
3182 131.706 -317.819
3183 131.588 -317.919
3184 131.471 -318.019
3185 131.354 -318.119
3186 131.236 -318.219
3187 131.119 -318.319
3188 131.001 -318.419
3189 130.884 -318.519
3190 130.767 -318.619
3191 130.649 -318.719
3192 130.532 -318.819
3193 130.415 -318.919
3194 130.297 -319.019
3195 130.18 -319.119
3196 130.062 -319.219
3197 129.945 -319.319
3198 129.828 -319.419
3199 129.71 -319.519
3200 129.593 -319.619
3201 129.476 -319.719
3202 129.358 -319.819
3203 129.241 -319.919
3204 129.123 -320.019
3205 129.006 -320.119
3206 128.889 -320.219
3207 128.771 -320.319
3208 128.654 -320.419
3209 128.537 -320.519
3210 128.419 -320.619
3211 128.302 -320.719
3212 128.184 -320.819
3213 128.067 -320.919
3214 127.95 -321.019
3215 127.832 -321.119
3216 127.715 -321.219
3217 127.597 -321.319
3218 127.48 -321.419
3219 127.363 -321.519
3220 127.245 -321.619
3221 127.128 -321.719
3222 127.011 -321.819
3223 126.893 -321.919
3224 126.776 -322.019
3225 126.658 -322.119
3226 126.541 -322.219
3227 126.424 -322.319
3228 126.306 -322.419
3229 126.189 -322.519
3230 126.072 -322.619
3231 125.954 -322.719
3232 125.837 -322.819
3233 125.719 -322.919
3234 125.602 -323.019
3235 125.485 -323.119
3236 125.367 -323.219
3237 125.25 -323.319
3238 125.133 -323.419
3239 125.015 -323.519
3240 124.898 -323.619
3241 124.78 -323.719
3242 124.663 -323.819
3243 124.546 -323.919
3244 124.428 -324.019
3245 124.311 -324.119
3246 124.194 -324.219
3247 124.076 -324.319
3248 123.959 -324.419
3249 123.841 -324.519
3250 123.724 -324.619
3251 123.607 -324.719
3252 123.489 -324.819
3253 123.372 -324.919
3254 123.255 -325.019
3255 123.137 -325.119
3256 123.02 -325.219
3257 122.902 -325.319
3258 122.785 -325.419
3259 122.668 -325.519
3260 122.55 -325.619
3261 122.433 -325.719
3262 122.316 -325.819
3263 122.198 -325.919
3264 122.081 -326.019
3265 121.963 -326.119
3266 121.846 -326.219
3267 121.729 -326.319
3268 121.611 -326.419
3269 121.494 -326.519
3270 121.376 -326.619
3271 121.259 -326.719
3272 121.142 -326.819
3273 121.024 -326.919
3274 120.907 -327.019
3275 120.79 -327.119
3276 120.672 -327.219
3277 120.555 -327.319
3278 120.437 -327.419
3279 120.32 -327.519
3280 120.203 -327.619
3281 120.085 -327.719
3282 119.968 -327.819
3283 119.851 -327.919
3284 119.733 -328.019
3285 119.616 -328.119
3286 119.498 -328.219
3287 119.381 -328.319
3288 119.264 -328.419
3289 119.146 -328.519
3290 119.029 -328.619
3291 118.912 -328.719
3292 118.794 -328.819
3293 118.677 -328.919
3294 118.559 -329.019
3295 118.442 -329.119
3296 118.325 -329.219
3297 118.207 -329.319
3298 118.09 -329.419
3299 117.973 -329.519
3300 117.855 -329.619
3301 117.738 -329.719
3302 117.62 -329.819
3303 117.503 -329.919
3304 117.386 -330.019
3305 117.268 -330.119
3306 117.151 -330.219
3307 117.034 -330.319
3308 116.916 -330.419
3309 116.799 -330.519
3310 116.681 -330.619
3311 116.564 -330.719
3312 116.447 -330.819
3313 116.329 -330.919
3314 116.212 -331.019
3315 116.095 -331.119
3316 115.977 -331.219
3317 115.86 -331.319
3318 115.742 -331.419
3319 115.625 -331.519
3320 115.508 -331.619
3321 115.39 -331.719
3322 115.273 -331.819
3323 115.155 -331.919
3324 115.038 -332.019
3325 114.921 -332.119
3326 114.803 -332.219
3327 114.686 -332.319
3328 114.569 -332.419
3329 114.451 -332.519
3330 114.334 -332.619
3331 114.216 -332.719
3332 114.099 -332.819
3333 113.982 -332.919
3334 113.864 -333.019
3335 113.747 -333.119
3336 113.63 -333.219
3337 113.512 -333.319
3338 113.395 -333.419
3339 113.277 -333.519
3340 113.16 -333.619
3341 113.043 -333.719
3342 112.925 -333.819
3343 112.808 -333.919
3344 112.691 -334.019
3345 112.573 -334.119
3346 112.456 -334.219
3347 112.338 -334.319
3348 112.221 -334.419
3349 112.104 -334.519
3350 111.986 -334.619
3351 111.869 -334.719
3352 111.752 -334.819
3353 111.634 -334.919
3354 111.517 -335.019
3355 111.399 -335.119
3356 111.282 -335.219
3357 111.165 -335.319
3358 111.047 -335.419
3359 110.93 -335.519
3360 110.813 -335.619
3361 110.695 -335.719
3362 110.578 -335.819
3363 110.46 -335.919
3364 110.343 -336.019
3365 110.226 -336.119
3366 110.108 -336.219
3367 109.991 -336.319
3368 109.874 -336.419
3369 109.756 -336.519
3370 109.639 -336.619
3371 109.521 -336.719
3372 109.404 -336.819
3373 109.287 -336.919
3374 109.169 -337.019
3375 109.052 -337.119
3376 108.934 -337.219
3377 108.817 -337.319
3378 108.7 -337.419
3379 108.582 -337.519
3380 108.465 -337.619
3381 108.348 -337.719
3382 108.23 -337.819
3383 108.113 -337.919
3384 107.995 -338.019
3385 107.878 -338.119
3386 107.761 -338.219
3387 107.643 -338.319
3388 107.526 -338.419
3389 107.409 -338.519
3390 107.291 -338.619
3391 107.174 -338.719
3392 107.056 -338.819
3393 106.939 -338.919
3394 106.822 -339.019
3395 106.704 -339.119
3396 106.587 -339.219
3397 106.47 -339.319
3398 106.352 -339.419
3399 106.235 -339.519
3400 106.117 -339.619
3401 106 -339.719
3402 105.883 -339.819
3403 105.765 -339.919
3404 105.648 -340.019
3405 105.531 -340.119
3406 105.413 -340.219
3407 105.296 -340.319
3408 105.178 -340.419
3409 105.061 -340.519
3410 104.944 -340.619
3411 104.826 -340.719
3412 104.709 -340.819
3413 104.592 -340.919
3414 104.474 -341.019
3415 104.357 -341.119
3416 104.239 -341.219
3417 104.122 -341.319
3418 104.005 -341.419
3419 103.887 -341.519
3420 103.77 -341.619
3421 103.653 -341.719
3422 103.535 -341.819
3423 103.418 -341.919
3424 103.3 -342.019
3425 103.183 -342.119
3426 103.066 -342.219
3427 102.948 -342.319
3428 102.831 -342.419
3429 102.713 -342.519
3430 102.596 -342.619
3431 102.479 -342.719
3432 102.361 -342.819
3433 102.244 -342.919
3434 102.127 -343.019
3435 102.009 -343.119
3436 101.892 -343.219
3437 101.774 -343.319
3438 101.657 -343.419
3439 101.54 -343.519
3440 101.422 -343.619
3441 101.305 -343.719
3442 101.188 -343.819
3443 101.07 -343.919
3444 100.953 -344.019
3445 100.835 -344.119
3446 100.718 -344.219
3447 100.601 -344.319
3448 100.483 -344.419
3449 100.366 -344.519
3450 100.249 -344.619
3451 100.131 -344.719
3452 100.014 -344.819
3453 99.8964 -344.919
3454 99.7791 -345.019
3455 99.6617 -345.119
3456 99.5443 -345.219
3457 99.4269 -345.319
3458 99.3096 -345.419
3459 99.1922 -345.519
3460 99.0748 -345.619
3461 98.9574 -345.719
3462 98.8401 -345.819
3463 98.7227 -345.919
3464 98.6053 -346.019
3465 98.4879 -346.119
3466 98.3705 -346.219
3467 98.2532 -346.319
3468 98.1358 -346.419
3469 98.0184 -346.519
3470 97.901 -346.619
3471 97.7837 -346.719
3472 97.6663 -346.819
3473 97.5489 -346.919
3474 97.4315 -347.019
3475 97.3141 -347.119
3476 97.1968 -347.219
3477 97.0794 -347.319
3478 96.962 -347.419
3479 96.8446 -347.519
3480 96.7273 -347.619
3481 96.6099 -347.719
3482 96.4925 -347.819
3483 96.3751 -347.919
3484 96.2578 -348.019
3485 96.1404 -348.119
3486 96.023 -348.219
3487 95.9056 -348.319
3488 95.7882 -348.419
3489 95.6709 -348.519
3490 95.5535 -348.619
3491 95.4361 -348.719
3492 95.3187 -348.819
3493 95.2014 -348.919
3494 95.084 -349.019
3495 94.9666 -349.119
3496 94.8492 -349.219
3497 94.7319 -349.319
3498 94.6145 -349.419
3499 94.4971 -349.519
3500 94.3797 -349.619
3501 94.2623 -349.719
3502 94.145 -349.819
3503 94.0276 -349.919
3504 93.9102 -350.019
3505 93.7928 -350.119
3506 93.6755 -350.219
3507 93.5581 -350.319
3508 93.4407 -350.419
3509 93.3233 -350.519
3510 93.2059 -350.619
3511 93.0886 -350.719
3512 92.9712 -350.819
3513 92.8538 -350.919
3514 92.7364 -351.019
3515 92.6191 -351.119
3516 92.5017 -351.219
3517 92.3843 -351.319
3518 92.2669 -351.419
3519 92.1496 -351.519
3520 92.0322 -351.619
3521 91.9148 -351.719
3522 91.7974 -351.819
3523 91.68 -351.919
3524 91.5627 -352.019
3525 91.4453 -352.119
3526 91.3279 -352.219
3527 91.2105 -352.319
3528 91.0932 -352.419
3529 90.9758 -352.519
3530 90.8584 -352.619
3531 90.741 -352.719
3532 90.6237 -352.819
3533 90.5063 -352.919
3534 90.3889 -353.019
3535 90.2715 -353.119
3536 90.1541 -353.219
3537 90.0368 -353.319
3538 89.9194 -353.419
3539 89.802 -353.519
3540 89.6846 -353.619
3541 89.5673 -353.719
3542 89.4499 -353.819
3543 89.3325 -353.919
3544 89.2151 -354.019
3545 89.0977 -354.119
3546 88.9804 -354.219
3547 88.863 -354.319
3548 88.7456 -354.419
3549 88.6282 -354.519
3550 88.5109 -354.619
3551 88.3935 -354.719
3552 88.2761 -354.819
3553 88.1587 -354.919
3554 88.0414 -355.019
3555 87.924 -355.119
3556 87.8066 -355.219
3557 87.6892 -355.319
3558 87.5718 -355.419
3559 87.4545 -355.519
3560 87.3371 -355.619
3561 87.2197 -355.719
3562 87.1023 -355.819
3563 86.985 -355.919
3564 86.8676 -356.019
3565 86.7502 -356.119
3566 86.6328 -356.219
3567 86.5155 -356.319
3568 86.3981 -356.419
3569 86.2807 -356.519
3570 86.1633 -356.619
3571 86.0459 -356.719
3572 85.9286 -356.819
3573 85.8112 -356.919
3574 85.6938 -357.019
3575 85.5764 -357.119
3576 85.4591 -357.219
3577 85.3417 -357.319
3578 85.2243 -357.419
3579 85.1069 -357.519
3580 84.9896 -357.619
3581 84.8722 -357.719
3582 84.7548 -357.819
3583 84.6374 -357.919
3584 84.52 -358.019
3585 84.4027 -358.119
3586 84.2853 -358.219
3587 84.1679 -358.319
3588 84.0505 -358.419
3589 83.9332 -358.519
3590 83.8158 -358.619
3591 83.6984 -358.719
3592 83.581 -358.819
3593 83.4636 -358.919
3594 83.3463 -359.019
3595 83.2289 -359.119
3596 83.1115 -359.219
3597 82.9941 -359.319
3598 82.8768 -359.419
3599 82.7594 -359.519
3600 82.642 -359.619
3601 82.5246 -359.719
3602 82.4073 -359.819
3603 82.2899 -359.919
3604 82.1725 -360.019
3605 82.0551 -360.119
3606 81.9377 -360.219
3607 81.8204 -360.319
3608 81.703 -360.419
3609 81.5856 -360.519
3610 81.4682 -360.619
3611 81.3509 -360.719
3612 81.2335 -360.819
3613 81.1161 -360.919
3614 80.9987 -361.019
3615 80.8814 -361.119
3616 80.764 -361.219
3617 80.6466 -361.319
3618 80.5292 -361.419
3619 80.4118 -361.519
3620 80.2945 -361.619
3621 80.1771 -361.719
3622 80.0597 -361.819
3623 79.9423 -361.919
3624 79.825 -362.019
3625 79.7076 -362.119
3626 79.5902 -362.219
3627 79.4728 -362.319
3628 79.3555 -362.419
3629 79.2381 -362.519
3630 79.1207 -362.619
3631 79.0033 -362.719
3632 78.8859 -362.819
3633 78.7686 -362.919
3634 78.6512 -363.019
3635 78.5338 -363.119
3636 78.4164 -363.219
3637 78.2991 -363.319
3638 78.1817 -363.419
3639 78.0643 -363.519
3640 77.9469 -363.619
3641 77.8295 -363.719
3642 77.7122 -363.819
3643 77.5948 -363.919
3644 77.4774 -364.019
3645 77.36 -364.119
3646 77.2427 -364.219
3647 77.1253 -364.319
3648 77.0079 -364.419
3649 76.8905 -364.519
3650 76.7732 -364.619
3651 76.6558 -364.719
3652 76.5384 -364.819
3653 76.421 -364.919
3654 76.3036 -365.019
3655 76.1863 -365.119
3656 76.0689 -365.219
3657 75.9515 -365.319
3658 75.8341 -365.419
3659 75.7168 -365.519
3660 75.5994 -365.619
3661 75.482 -365.719
3662 75.3646 -365.819
3663 75.2473 -365.919
3664 75.1299 -366.019
3665 75.0125 -366.119
3666 74.8951 -366.219
3667 74.7777 -366.319
3668 74.6604 -366.419
3669 74.543 -366.519
3670 74.4256 -366.619
3671 74.3082 -366.719
3672 74.1909 -366.819
3673 74.0735 -366.919
3674 73.9561 -367.019
3675 73.8387 -367.119
3676 73.7214 -367.219
3677 73.604 -367.319
3678 73.4866 -367.419
3679 73.3692 -367.519
3680 73.2518 -367.619
3681 73.1345 -367.719
3682 73.0171 -367.819
3683 72.8997 -367.919
3684 72.7823 -368.019
3685 72.665 -368.119
3686 72.5476 -368.219
3687 72.4302 -368.319
3688 72.3128 -368.419
3689 72.1955 -368.519
3690 72.0781 -368.619
3691 71.9607 -368.719
3692 71.8433 -368.819
3693 71.7259 -368.919
3694 71.6086 -369.019
3695 71.4912 -369.119
3696 71.3738 -369.219
3697 71.2564 -369.319
3698 71.1391 -369.419
3699 71.0217 -369.519
3700 70.9043 -369.619
3701 70.7869 -369.719
3702 70.6696 -369.819
3703 70.5522 -369.919
3704 70.4348 -370.019
3705 70.3174 -370.119
3706 70.2 -370.219
3707 70.0827 -370.319
3708 69.9653 -370.419
3709 69.8479 -370.519
3710 69.7305 -370.619
3711 69.6132 -370.719
3712 69.4958 -370.819
3713 69.3784 -370.919
3714 69.261 -371.019
3715 69.1436 -371.119
3716 69.0263 -371.219
3717 68.9089 -371.319
3718 68.7915 -371.419
3719 68.6741 -371.519
3720 68.5568 -371.619
3721 68.4394 -371.719
3722 68.322 -371.819
3723 68.2046 -371.919
3724 68.0873 -372.019
3725 67.9699 -372.119
3726 67.8525 -372.219
3727 67.7351 -372.319
3728 67.6177 -372.419
3729 67.5004 -372.519
3730 67.383 -372.619
3731 67.2656 -372.719
3732 67.1482 -372.819
3733 67.0309 -372.919
3734 66.9135 -373.019
3735 66.7961 -373.119
3736 66.6787 -373.219
3737 66.5614 -373.319
3738 66.444 -373.419
3739 66.3266 -373.519
3740 66.2092 -373.619
3741 66.0918 -373.719
3742 65.9745 -373.819
3743 65.8571 -373.919
3744 65.7397 -374.019
3745 65.6223 -374.119
3746 65.505 -374.219
3747 65.3876 -374.319
3748 65.2702 -374.419
3749 65.1528 -374.519
3750 65.0355 -374.619
3751 64.9181 -374.719
3752 64.8007 -374.819
3753 64.6833 -374.919
3754 64.5659 -375.019
3755 64.4486 -375.119
3756 64.3312 -375.219
3757 64.2138 -375.319
3758 64.0964 -375.419
3759 63.9791 -375.519
3760 63.8617 -375.619
3761 63.7443 -375.719
3762 63.6269 -375.819
3763 63.5096 -375.919
3764 63.3922 -376.019
3765 63.2748 -376.119
3766 63.1574 -376.219
3767 63.04 -376.319
3768 62.9227 -376.419
3769 62.8053 -376.519
3770 62.6879 -376.619
3771 62.5705 -376.719
3772 62.4532 -376.819
3773 62.3358 -376.919
3774 62.2184 -377.019
3775 62.101 -377.119
3776 61.9837 -377.219
3777 61.8663 -377.319
3778 61.7489 -377.419
3779 61.6315 -377.519
3780 61.5141 -377.619
3781 61.3968 -377.719
3782 61.2794 -377.819
3783 61.162 -377.919
3784 61.0446 -378.019
3785 60.9273 -378.119
3786 60.8099 -378.219
3787 60.6925 -378.319
3788 60.5751 -378.419
3789 60.4578 -378.519
3790 60.3404 -378.619
3791 60.223 -378.719
3792 60.1056 -378.819
3793 59.9882 -378.919
3794 59.8709 -379.019
3795 59.7535 -379.119
3796 59.6361 -379.219
3797 59.5187 -379.319
3798 59.4014 -379.419
3799 59.284 -379.519
3800 59.1666 -379.619
3801 59.0492 -379.719
3802 58.9319 -379.819
3803 58.8145 -379.919
3804 58.6971 -380.019
3805 58.5797 -380.119
3806 58.4623 -380.219
3807 58.345 -380.319
3808 58.2276 -380.419
3809 58.1102 -380.519
3810 57.9928 -380.619
3811 57.8755 -380.719
3812 57.7581 -380.819
3813 57.6407 -380.919
3814 57.5233 -381.019
3815 57.4059 -381.119
3816 57.2886 -381.219
3817 57.1712 -381.319
3818 57.0538 -381.419
3819 56.9364 -381.519
3820 56.8191 -381.619
3821 56.7017 -381.719
3822 56.5843 -381.819
3823 56.4669 -381.919
3824 56.3496 -382.019
3825 56.2322 -382.119
3826 56.1148 -382.219
3827 55.9974 -382.319
3828 55.88 -382.419
3829 55.7627 -382.519
3830 55.6453 -382.619
3831 55.5279 -382.719
3832 55.4105 -382.819
3833 55.2932 -382.919
3834 55.1758 -383.019
3835 55.0584 -383.119
3836 54.941 -383.219
3837 54.8237 -383.319
3838 54.7063 -383.419
3839 54.5889 -383.519
3840 54.4715 -383.619
3841 54.3541 -383.719
3842 54.2368 -383.819
3843 54.1194 -383.919
3844 54.002 -384.019
3845 53.8846 -384.119
3846 53.7673 -384.219
3847 53.6499 -384.319
3848 53.5325 -384.419
3849 53.4151 -384.519
3850 53.2978 -384.619
3851 53.1804 -384.719
3852 53.063 -384.819
3853 52.9456 -384.919
3854 52.8282 -385.019
3855 52.7109 -385.119
3856 52.5935 -385.219
3857 52.4761 -385.319
3858 52.3587 -385.419
3859 52.2414 -385.519
3860 52.124 -385.619
3861 52.0066 -385.719
3862 51.8892 -385.819
3863 51.7719 -385.919
3864 51.6545 -386.019
3865 51.5371 -386.119
3866 51.4197 -386.219
3867 51.3023 -386.319
3868 51.185 -386.419
3869 51.0676 -386.519
3870 50.9502 -386.619
3871 50.8328 -386.719
3872 50.7155 -386.819
3873 50.5981 -386.919
3874 50.4807 -387.019
3875 50.3633 -387.119
3876 50.246 -387.219
3877 50.1286 -387.319
3878 50.0112 -387.419
3879 49.8938 -387.519
3880 49.7764 -387.619
3881 49.6591 -387.719
3882 49.5417 -387.819
3883 49.4243 -387.919
3884 49.3069 -388.019
3885 49.1896 -388.119
3886 49.0722 -388.219
3887 48.9548 -388.319
3888 48.8374 -388.419
3889 48.7201 -388.519
3890 48.6027 -388.619
3891 48.4853 -388.719
3892 48.3679 -388.819
3893 48.2505 -388.919
3894 48.1332 -389.019
3895 48.0158 -389.119
3896 47.8984 -389.219
3897 47.781 -389.319
3898 47.6637 -389.419
3899 47.5463 -389.519
3900 47.4289 -389.619
3901 47.3115 -389.719
3902 47.1942 -389.819
3903 47.0768 -389.919
3904 46.9594 -390.019
3905 46.842 -390.119
3906 46.7246 -390.219
3907 46.6073 -390.319
3908 46.4899 -390.419
3909 46.3725 -390.519
3910 46.2551 -390.619
3911 46.1378 -390.719
3912 46.0204 -390.819
3913 45.903 -390.919
3914 45.7856 -391.019
3915 45.6683 -391.119
3916 45.5509 -391.219
3917 45.4335 -391.319
3918 45.3161 -391.419
3919 45.1987 -391.519
3920 45.0814 -391.619
3921 44.964 -391.719
3922 44.8466 -391.819
3923 44.7292 -391.919
3924 44.6119 -392.019
3925 44.4945 -392.119
3926 44.3771 -392.219
3927 44.2597 -392.319
3928 44.1424 -392.419
3929 44.025 -392.519
3930 43.9076 -392.619
3931 43.7902 -392.719
3932 43.6728 -392.819
3933 43.5555 -392.919
3934 43.4381 -393.019
3935 43.3207 -393.119
3936 43.2033 -393.219
3937 43.086 -393.319
3938 42.9686 -393.419
3939 42.8512 -393.519
3940 42.7338 -393.619
3941 42.6165 -393.719
3942 42.4991 -393.819
3943 42.3817 -393.919
3944 42.2643 -394.019
3945 42.1469 -394.119
3946 42.0296 -394.219
3947 41.9122 -394.319
3948 41.7948 -394.419
3949 41.6774 -394.519
3950 41.5601 -394.619
3951 41.4427 -394.719
3952 41.3253 -394.819
3953 41.2079 -394.919
3954 41.0905 -395.019
3955 40.9732 -395.119
3956 40.8558 -395.219
3957 40.7384 -395.319
3958 40.621 -395.419
3959 40.5037 -395.519
3960 40.3863 -395.619
3961 40.2689 -395.719
3962 40.1515 -395.819
3963 40.0342 -395.919
3964 39.9168 -396.019
3965 39.7994 -396.119
3966 39.682 -396.219
3967 39.5646 -396.319
3968 39.4473 -396.419
3969 39.3299 -396.519
3970 39.2125 -396.619
3971 39.0951 -396.719
3972 38.9778 -396.819
3973 38.8604 -396.919
3974 38.743 -397.019
3975 38.6256 -397.119
3976 38.5083 -397.219
3977 38.3909 -397.319
3978 38.2735 -397.419
3979 38.1561 -397.519
3980 38.0387 -397.619
3981 37.9214 -397.719
3982 37.804 -397.819
3983 37.6866 -397.919
3984 37.5692 -398.019
3985 37.4519 -398.119
3986 37.3345 -398.219
3987 37.2171 -398.319
3988 37.0997 -398.419
3989 36.9824 -398.519
3990 36.865 -398.619
3991 36.7476 -398.719
3992 36.6302 -398.819
3993 36.5128 -398.919
3994 36.3955 -399.019
3995 36.2781 -399.119
3996 36.1607 -399.219
3997 36.0433 -399.319
3998 35.926 -399.419
3999 35.8086 -399.519
4000 35.6912 -399.619
4001 35.5738 -399.719
4002 35.4565 -399.819
4003 35.3391 -399.919
4004 35.2217 -400.019
4005 35.1043 -400.119
4006 34.9869 -400.219
4007 34.8696 -400.319
4008 34.7522 -400.419
4009 34.6348 -400.519
4010 34.5174 -400.619
4011 34.4001 -400.719
4012 34.2827 -400.819
4013 34.1653 -400.919
4014 34.0479 -401.019
4015 33.9306 -401.119
4016 33.8132 -401.219
4017 33.6958 -401.319
4018 33.5784 -401.419
4019 33.461 -401.519
4020 33.3437 -401.619
4021 33.2263 -401.719
4022 33.1089 -401.819
4023 32.9915 -401.919
4024 32.8742 -402.019
4025 32.7568 -402.119
4026 32.6394 -402.219
4027 32.522 -402.319
4028 32.4047 -402.419
4029 32.2873 -402.519
4030 32.1699 -402.619
4031 32.0525 -402.719
4032 31.9351 -402.819
4033 31.8178 -402.919
4034 31.7004 -403.019
4035 31.583 -403.119
4036 31.4656 -403.219
4037 31.3483 -403.319
4038 31.2309 -403.419
4039 31.1135 -403.519
4040 30.9961 -403.619
4041 30.8788 -403.719
4042 30.7614 -403.819
4043 30.644 -403.919
4044 30.5266 -404.019
4045 30.4092 -404.119
4046 30.2919 -404.219
4047 30.1745 -404.319
4048 30.0571 -404.419
4049 29.9397 -404.519
4050 29.8224 -404.619
4051 29.705 -404.719
4052 29.5876 -404.819
4053 29.4702 -404.919
4054 29.3529 -405.019
4055 29.2355 -405.119
4056 29.1181 -405.219
4057 29.0007 -405.319
4058 28.8833 -405.419
4059 28.766 -405.519
4060 28.6486 -405.619
4061 28.5312 -405.719
4062 28.4138 -405.819
4063 28.2965 -405.919
4064 28.1791 -406.019
4065 28.0617 -406.119
4066 27.9443 -406.219
4067 27.827 -406.319
4068 27.7096 -406.419
4069 27.5922 -406.519
4070 27.4748 -406.619
4071 27.3574 -406.719
4072 27.2401 -406.819
4073 27.1227 -406.919
4074 27.0053 -407.019
4075 26.8879 -407.119
4076 26.7706 -407.219
4077 26.6532 -407.319
4078 26.5358 -407.419
4079 26.4184 -407.519
4080 26.3011 -407.619
4081 26.1837 -407.719
4082 26.0663 -407.819
4083 25.9489 -407.919
4084 25.8315 -408.019
4085 25.7142 -408.119
4086 25.5968 -408.219
4087 25.4794 -408.319
4088 25.362 -408.419
4089 25.2447 -408.519
4090 25.1273 -408.619
4091 25.0099 -408.719
4092 24.8925 -408.819
4093 24.7752 -408.919
4094 24.6578 -409.019
4095 24.5404 -409.119
4096 24.423 -409.219
4097 24.3056 -409.319
4098 24.1883 -409.419
4099 24.0709 -409.519
4100 23.9535 -409.619
4101 23.8361 -409.719
4102 23.7188 -409.819
4103 23.6014 -409.919
4104 23.484 -410.019
4105 23.3666 -410.119
4106 23.2493 -410.219
4107 23.1319 -410.319
4108 23.0145 -410.419
4109 22.8971 -410.519
4110 22.7797 -410.619
4111 22.6624 -410.719
4112 22.545 -410.819
4113 22.4276 -410.919
4114 22.3102 -411.019
4115 22.1929 -411.119
4116 22.0755 -411.219
4117 21.9581 -411.319
4118 21.8407 -411.419
4119 21.7234 -411.519
4120 21.606 -411.619
4121 21.4886 -411.719
4122 21.3712 -411.819
4123 21.2538 -411.919
4124 21.1365 -412.019
4125 21.0191 -412.119
4126 20.9017 -412.219
4127 20.7843 -412.319
4128 20.667 -412.419
4129 20.5496 -412.519
4130 20.4322 -412.619
4131 20.3148 -412.719
4132 20.1975 -412.819
4133 20.0801 -412.919
4134 19.9627 -413.019
4135 19.8453 -413.119
4136 19.7279 -413.219
4137 19.6106 -413.319
4138 19.4932 -413.419
4139 19.3758 -413.519
4140 19.2584 -413.619
4141 19.1411 -413.719
4142 19.0237 -413.819
4143 18.9063 -413.919
4144 18.7889 -414.019
4145 18.6716 -414.119
4146 18.5542 -414.219
4147 18.4368 -414.319
4148 18.3194 -414.419
4149 18.202 -414.519
4150 18.0847 -414.619
4151 17.9673 -414.719
4152 17.8499 -414.819
4153 17.7325 -414.919
4154 17.6152 -415.019
4155 17.4978 -415.119
4156 17.3804 -415.219
4157 17.263 -415.319
4158 17.1457 -415.419
4159 17.0283 -415.519
4160 16.9109 -415.619
4161 16.7935 -415.719
4162 16.6761 -415.819
4163 16.5588 -415.919
4164 16.4414 -416.019
4165 16.324 -416.119
4166 16.2066 -416.219
4167 16.0893 -416.319
4168 15.9719 -416.419
4169 15.8545 -416.519
4170 15.7371 -416.619
4171 15.6198 -416.719
4172 15.5024 -416.819
4173 15.385 -416.919
4174 15.2676 -417.019
4175 15.1502 -417.119
4176 15.0329 -417.219
4177 14.9155 -417.319
4178 14.7981 -417.419
4179 14.6807 -417.519
4180 14.5634 -417.619
4181 14.446 -417.719
4182 14.3286 -417.819
4183 14.2112 -417.919
4184 14.0939 -418.019
4185 13.9765 -418.119
4186 13.8591 -418.219
4187 13.7417 -418.319
4188 13.6243 -418.419
4189 13.507 -418.519
4190 13.3896 -418.619
4191 13.2722 -418.719
4192 13.1548 -418.819
4193 13.0375 -418.919
4194 12.9201 -419.019
4195 12.8027 -419.119
4196 12.6853 -419.219
4197 12.568 -419.319
4198 12.4506 -419.419
4199 12.3332 -419.519
4200 12.2158 -419.619
4201 12.0984 -419.719
4202 11.9811 -419.819
4203 11.8637 -419.919
4204 11.7463 -420.019
4205 11.6289 -420.119
4206 11.5116 -420.219
4207 11.3942 -420.319
4208 11.2768 -420.419
4209 11.1594 -420.519
4210 11.0421 -420.619
4211 10.9247 -420.719
4212 10.8073 -420.819
4213 10.6899 -420.919
4214 10.5725 -421.019
4215 10.4552 -421.119
4216 10.3378 -421.219
4217 10.2204 -421.319
4218 10.103 -421.419
4219 9.98566 -421.519
4220 9.86828 -421.619
4221 9.75091 -421.719
4222 9.63353 -421.819
4223 9.51615 -421.919
4224 9.39877 -422.019
4225 9.2814 -422.119
4226 9.16402 -422.219
4227 9.04664 -422.319
4228 8.92927 -422.419
4229 8.81189 -422.519
4230 8.69451 -422.619
4231 8.57714 -422.719
4232 8.45976 -422.819
4233 8.34238 -422.919
4234 8.22501 -423.019
4235 8.10763 -423.119
4236 7.99025 -423.219
4237 7.87287 -423.319
4238 7.7555 -423.419
4239 7.63812 -423.519
4240 7.52074 -423.619
4241 7.40337 -423.719
4242 7.28599 -423.819
4243 7.16861 -423.919
4244 7.05124 -424.019
4245 6.93386 -424.119
4246 6.81648 -424.219
4247 6.69911 -424.319
4248 6.58173 -424.419
4249 6.46435 -424.519
4250 6.34697 -424.619
4251 6.2296 -424.719
4252 6.11222 -424.819
4253 5.99484 -424.919
4254 5.87747 -425.019
4255 5.76009 -425.119
4256 5.64271 -425.219
4257 5.52534 -425.319
4258 5.40796 -425.419
4259 5.29058 -425.519
4260 5.17321 -425.619
4261 5.05583 -425.719
4262 4.93845 -425.819
4263 4.82107 -425.919
4264 4.7037 -426.019
4265 4.58632 -426.119
4266 4.46894 -426.219
4267 4.35157 -426.319
4268 4.23419 -426.419
4269 4.11681 -426.519
4270 3.99944 -426.619
4271 3.88206 -426.719
4272 3.76468 -426.819
4273 3.6473 -426.919
4274 3.52993 -427.019
4275 3.41255 -427.119
4276 3.29517 -427.219
4277 3.1778 -427.319
4278 3.06042 -427.419
4279 2.94304 -427.519
4280 2.82567 -427.619
4281 2.70829 -427.719
4282 2.59091 -427.819
4283 2.47354 -427.919
4284 2.35616 -428.019
4285 2.23878 -428.119
4286 2.1214 -428.219
4287 2.00403 -428.319
4288 1.88665 -428.419
4289 1.76927 -428.519
4290 1.6519 -428.619
4291 1.53452 -428.719
4292 1.41714 -428.819
4293 1.29977 -428.919
4294 1.18239 -429.019
4295 1.06501 -429.119
4296 0.947636 -429.219
4297 0.830259 -429.319
4298 0.712882 -429.419
4299 0.595505 -429.519
4300 0.478128 -429.619
4301 0.360751 -429.719
4302 0.243374 -429.819
4303 0.125997 -429.919
4304 0.00862007 -430.019
