Channel 0 -1714.06 0
Channel 0 -1685.94 0
Channel 0 -1657.81 0
Channel 0 -1629.69 11.4336
Channel 0 -1601.56 12.1729
Channel 0 -1573.44 10.0599
Channel 0 -1545.31 10.9991
Channel 0 -1517.19 11.9004
Channel 0 -1489.06 10.2289
Channel 0 -1460.94 12.6838
Channel 0 -1432.81 9.62913
Channel 0 -1404.69 11.032
Channel 0 -1376.56 8.86205
Channel 0 -1348.44 10.7328
Channel 0 -1320.31 10.3434
Channel 0 -1292.19 9.38345
Channel 0 -1264.06 11.44
Channel 0 -1235.94 10.0211
Channel 0 -1207.81 10.4409
Channel 0 -1179.69 13.3234
Channel 0 -1151.56 12.1286
Channel 0 -1123.44 10.7391
Channel 0 -1095.31 10.8982
Channel 0 -1067.19 11.984
Channel 0 -1039.06 12.7653
Channel 0 -1010.94 14.5811
Channel 0 -982.812 13.057
Channel 0 -954.688 13.4013
Channel 0 -926.562 15.5052
Channel 0 -898.438 16.2147
Channel 0 -870.312 19.8064
Channel 0 -842.188 17.8662
Channel 0 -814.062 21.5398
Channel 1 -1714.06 0
Channel 1 -1685.94 0
Channel 1 -1657.81 0
Channel 1 -1629.69 12.9254
Channel 1 -1601.56 13.024
Channel 1 -1573.44 9.62335
Channel 1 -1545.31 9.63609
Channel 1 -1517.19 9.31968
Channel 1 -1489.06 9.84466
Channel 1 -1460.94 11.6775
Channel 1 -1432.81 10.3829
Channel 1 -1404.69 12.182
Channel 1 -1376.56 8.26171
Channel 1 -1348.44 9.17968
Channel 1 -1320.31 9.17932
Channel 1 -1292.19 9.90988
Channel 1 -1264.06 13.8165
Channel 1 -1235.94 9.51501
Channel 1 -1207.81 9.96662
Channel 1 -1179.69 12.2184
Channel 1 -1151.56 14.3446
Channel 1 -1123.44 12.3909
Channel 1 -1095.31 10.0446
Channel 1 -1067.19 10.9593
Channel 1 -1039.06 12.8961
Channel 1 -1010.94 13.4671
Channel 1 -982.812 12.0143
Channel 1 -954.688 12.7021
Channel 1 -926.562 16.7447
Channel 1 -898.438 15.2404
Channel 1 -870.312 19.0004
Channel 1 -842.188 18.6984
Channel 1 -814.062 21.4651
Channel 2 -1714.06 0
Channel 2 -1685.94 0
Channel 2 -1657.81 0
Channel 2 -1629.69 6.72704
Channel 2 -1601.56 6.84153
Channel 2 -1573.44 7.62928
Channel 2 -1545.31 7.27347
Channel 2 -1517.19 9.19707
Channel 2 -1489.06 7.06417
Channel 2 -1460.94 6.87084
Channel 2 -1432.81 6.90856
Channel 2 -1404.69 7.28697
Channel 2 -1376.56 6.46355
Channel 2 -1348.44 7.57733
Channel 2 -1320.31 6.81583
Channel 2 -1292.19 7.66977
Channel 2 -1264.06 7.13586
Channel 2 -1235.94 7.25829
Channel 2 -1207.81 7.38741
Channel 2 -1179.69 7.12762
Channel 2 -1151.56 7.11559
Channel 2 -1123.44 6.98581
Channel 2 -1095.31 6.86347
Channel 2 -1067.19 7.02234
Channel 2 -1039.06 7.31249
Channel 2 -1010.94 7.55192
Channel 2 -982.812 6.93369
Channel 2 -954.688 7.21742
Channel 2 -926.562 7.95038
Channel 2 -898.438 7.29196
Channel 2 -870.312 8.10498
Channel 2 -842.188 7.95282
Channel 2 -814.062 8.3798
Channel 3 -1714.06 0
Channel 3 -1685.94 0
Channel 3 -1657.81 0
Channel 3 -1629.69 11.2897
Channel 3 -1601.56 13.4504
Channel 3 -1573.44 13.996
Channel 3 -1545.31 14.6758
Channel 3 -1517.19 9.01118
Channel 3 -1489.06 10.1774
Channel 3 -1460.94 10.3582
Channel 3 -1432.81 12.2984
Channel 3 -1404.69 8.73217
Channel 3 -1376.56 13.3482
Channel 3 -1348.44 13.0595
Channel 3 -1320.31 12.4386
Channel 3 -1292.19 14.5909
Channel 3 -1264.06 10.7845
Channel 3 -1235.94 11.0397
Channel 3 -1207.81 12.0719
Channel 3 -1179.69 12.7269
Channel 3 -1151.56 13.7766
Channel 3 -1123.44 13.8643
Channel 3 -1095.31 18.5585
Channel 3 -1067.19 19.8709
Channel 3 -1039.06 20.7002
Channel 3 -1010.94 21.5099
Channel 3 -982.812 17.0523
Channel 3 -954.688 25.9598
Channel 3 -926.562 23.8049
Channel 3 -898.438 24.7743
Channel 3 -870.312 33.2414
Channel 3 -842.188 29.1003
Channel 3 -814.062 14.4819
Channel 4 -1714.06 0
Channel 4 -1685.94 0
Channel 4 -1657.81 0
Channel 4 -1629.69 10.0005
Channel 4 -1601.56 9.90216
Channel 4 -1573.44 9.60953
Channel 4 -1545.31 9.33256
Channel 4 -1517.19 11.1566
Channel 4 -1489.06 12.8313
Channel 4 -1460.94 9.33725
Channel 4 -1432.81 11.4249
Channel 4 -1404.69 8.7994
Channel 4 -1376.56 10.8054
Channel 4 -1348.44 9.47383
Channel 4 -1320.31 11.6531
Channel 4 -1292.19 13.211
Channel 4 -1264.06 11.0287
Channel 4 -1235.94 13.9814
Channel 4 -1207.81 10.5009
Channel 4 -1179.69 10.2966
Channel 4 -1151.56 13.9061
Channel 4 -1123.44 13.9423
Channel 4 -1095.31 14.4888
Channel 4 -1067.19 11.9275
Channel 4 -1039.06 13.3765
Channel 4 -1010.94 15.9652
Channel 4 -982.812 16.1843
Channel 4 -954.688 13.7362
Channel 4 -926.562 12.9619
Channel 4 -898.438 14.9021
Channel 4 -870.312 14.9837
Channel 4 -842.188 15.8672
Channel 4 -814.062 14.6158
Channel 5 -1714.06 0
Channel 5 -1685.94 0
Channel 5 -1657.81 0
Channel 5 -1629.69 9.49458
Channel 5 -1601.56 11.8367
Channel 5 -1573.44 11.3054
Channel 5 -1545.31 11.1905
Channel 5 -1517.19 9.37544
Channel 5 -1489.06 14.3381
Channel 5 -1460.94 9.10675
Channel 5 -1432.81 13.9893
Channel 5 -1404.69 9.9769
Channel 5 -1376.56 12.3505
Channel 5 -1348.44 10.5728
Channel 5 -1320.31 11.7484
Channel 5 -1292.19 13.0051
Channel 5 -1264.06 11.24
Channel 5 -1235.94 17.0518
Channel 5 -1207.81 13.408
Channel 5 -1179.69 12.5389
Channel 5 -1151.56 14.8398
Channel 5 -1123.44 14.8605
Channel 5 -1095.31 13.269
Channel 5 -1067.19 12.8737
Channel 5 -1039.06 14.5566
Channel 5 -1010.94 14.7225
Channel 5 -982.812 17.1934
Channel 5 -954.688 15.3703
Channel 5 -926.562 13.7648
Channel 5 -898.438 15.3187
Channel 5 -870.312 16.1826
Channel 5 -842.188 16.6907
Channel 5 -814.062 15.356
Channel 6 -1714.06 0
Channel 6 -1685.94 0
Channel 6 -1657.81 0
Channel 6 -1629.69 6.79547
Channel 6 -1601.56 7.48733
Channel 6 -1573.44 7.43681
Channel 6 -1545.31 7.5205
Channel 6 -1517.19 12.0558
Channel 6 -1489.06 7.32834
Channel 6 -1460.94 7.04799
Channel 6 -1432.81 7.50128
Channel 6 -1404.69 7.43869
Channel 6 -1376.56 6.80052
Channel 6 -1348.44 7.95616
Channel 6 -1320.31 7.09342
Channel 6 -1292.19 8.12372
Channel 6 -1264.06 7.72093
Channel 6 -1235.94 7.2467
Channel 6 -1207.81 7.64406
Channel 6 -1179.69 7.38898
Channel 6 -1151.56 7.36044
Channel 6 -1123.44 7.30416
Channel 6 -1095.31 7.11099
Channel 6 -1067.19 7.46331
Channel 6 -1039.06 7.75353
Channel 6 -1010.94 8.08046
Channel 6 -982.812 7.25994
Channel 6 -954.688 7.70963
Channel 6 -926.562 8.68202
Channel 6 -898.438 7.76522
Channel 6 -870.312 8.76594
Channel 6 -842.188 8.87529
Channel 6 -814.062 9.17391
Channel 7 -1714.06 0
Channel 7 -1685.94 0
Channel 7 -1657.81 0
Channel 7 -1629.69 12.2294
Channel 7 -1601.56 10.5563
Channel 7 -1573.44 11.7261
Channel 7 -1545.31 11.9079
Channel 7 -1517.19 11.8407
Channel 7 -1489.06 10.8723
Channel 7 -1460.94 11.4707
Channel 7 -1432.81 9.63385
Channel 7 -1404.69 11.5368
Channel 7 -1376.56 9.87746
Channel 7 -1348.44 12.6804
Channel 7 -1320.31 14.1673
Channel 7 -1292.19 11.1712
Channel 7 -1264.06 16.6483
Channel 7 -1235.94 10.6921
Channel 7 -1207.81 11.7379
Channel 7 -1179.69 13.5968
Channel 7 -1151.56 16.3036
Channel 7 -1123.44 13.0321
Channel 7 -1095.31 11.5616
Channel 7 -1067.19 12.9434
Channel 7 -1039.06 15.4925
Channel 7 -1010.94 16.7881
Channel 7 -982.812 13.6417
Channel 7 -954.688 13.2972
Channel 7 -926.562 15.132
Channel 7 -898.438 16.2583
Channel 7 -870.312 16.1345
Channel 7 -842.188 15.8519
Channel 7 -814.062 17.7616

